2,29,0,163,0,"Username:",,0,0,0,,0,"DEMO",0,0,0,1,,,,,0,0.00,1,1,1,3/8/2006 0:00:00,0,4/30/2006 0:00:00,1,4,1,1,320
4,29,1,164,0,"Password:",,0,0,0,,0,,0,0,0,1,,,,,0,0.00,1,1,1,3/8/2006 0:00:00,0,4/30/2006 22:35:36,1,5,1,1,320
5,3,0,99,0,"Feature #",,0,0,0,,0,,0,0,0,1,,,,,0,0.00,1,1,1,3/9/2006 7:17:11,0,6/3/2006 6:58:43,1,12,1,1,320
6,3,1,100,0,"Name",,0,0,0,,0,,0,0,0,1,,,,,0,0.00,1,1,1,3/9/2006 8:53:37,0,6/3/2006 6:58:43,1,12,1,1,320
7,3,2,98,0,"Priority",,0,0,0,,0,,0,0,0,1,,,,,0,0.00,1,1,1,3/9/2006 8:53:52,0,6/3/2006 6:58:43,1,12,1,1,320
8,3,3,101,0,"Status",,0,0,0,,0,,0,0,0,1,,,,,0,0.00,1,1,1,3/9/2006 8:54:05,0,6/3/2006 6:58:43,1,12,1,1,320
9,3,4,102,0,"Version",,0,0,0,,0,,0,0,0,1,,,,,0,0.00,1,1,1,3/9/2006 8:54:10,0,6/3/2006 6:58:43,1,11,1,1,320
10,3,5,89,0,"Description",,0,0,0,,0,,0,0,0,1,,,,,0,0.00,1,1,1,3/10/2006 23:39:36,0,6/3/2006 6:58:43,1,10,1,1,320
26,17,0,88,0,"Design:","Design module name",619,1,0,,0,,0,0,1,1,,,,,0,0.00,1,1,1,3/11/2006 7:17:10,0,12/20/2006 2:10:53,1,11,1,1,322
27,17,1,161,0,"Priority:","Priority to complete",622,14,0,,0,,0,0,0,1,,,,,0,0.00,1,1,1,3/11/2006 7:17:44,0,12/20/2006 2:10:53,1,19,1,1,322
28,17,2,90,0,"Status:","Artifact status",621,13,0,,0,,0,0,0,1,,,,,0,0.00,1,1,1,3/11/2006 7:18:05,0,12/20/2006 2:10:53,1,11,1,1,322
30,17,6,91,0,"Description:","Full description of the artifact",620,18,0,,0,,0,0,0,1,"field.setPreferredSize(new java.awt.Dimension(175,175));",,,,0,5.00,1,5,3,3/11/2006 7:18:28,0,12/20/2006 22:22:19,1,12,1,1,322
35,17,7,0,46,"Design",,0,0,0,,0,,0,0,0,1,,,,,0,0.00,1,1,1,3/11/2006 13:24:21,0,12/20/2006 2:10:53,1,11,1,1,322
36,17,4,109,0,"Version:","Version artifact appeared",616,12,0,,0,,0,0,0,1,,,,,0,0.00,1,1,1,3/11/2006 13:42:11,0,12/20/2006 2:10:53,1,15,1,1,322
38,16,3,162,0,"Feature Nbr:","Sequential identifier for feature",618,1,1,,0,,1,0,0,1,,,,,0,0.00,1,1,1,3/13/2006 12:46:46,0,6/12/2006 12:00:11,1,13,1,1,320
41,16,0,88,0,"Feature:","Feature name or title",619,1,0,,0,,0,0,1,1,,,,,0,0.00,1,5,1,3/13/2006 12:48:31,0,6/12/2006 12:00:11,1,19,1,1,320
43,16,2,161,0,"Priority:","Priority to complete",622,14,2,,0,"To be reviewed",0,0,0,1,,,,,0,0.00,1,1,1,3/13/2006 12:49:06,0,6/12/2006 12:00:11,1,15,1,1,320
45,16,4,90,0,"Status:","Artifact status",621,13,0,,0,"Submitted",0,0,0,1,,,,,0,0.00,1,1,1,3/13/2006 12:49:32,0,6/12/2006 12:00:11,1,10,1,1,320
47,16,9,91,0,"Description:","Full description of the artifact",620,18,0,,0,,0,0,0,1,"field.setPreferredSize(new java.awt.Dimension(175,175));",,,,1,5.00,1,5,3,3/13/2006 12:52:10,0,9/20/2006 19:59:48,1,13,1,1,322
49,19,0,88,0,"Source code:","Source code file name",619,1,0,,0,,0,0,1,1,,,,,0,0.00,1,1,1,3/13/2006 12:52:54,0,6/12/2006 11:53:53,1,2,1,1,320
51,19,1,90,0,"Status:","Artifact status",621,13,0,,0,,0,0,0,1,,,,,0,0.00,1,1,1,3/13/2006 12:52:55,0,6/12/2006 11:53:53,1,2,1,1,320
53,19,3,91,0,"Description:","Full description of the artifact",620,18,0,,0,,0,0,0,1,"field.setPreferredSize(new java.awt.Dimension(175,175));",,,,1,5.00,1,5,3,3/13/2006 12:52:56,0,12/20/2006 22:22:37,1,4,1,1,322
59,18,0,88,0,"Requirement:","Requirement title",619,1,0,,0,,0,0,1,1,,,,,0,0.00,1,5,1,3/13/2006 12:58:24,0,12/20/2006 2:17:38,1,232,1,1,322
61,18,2,161,0,"Priority:","Priority to complete",622,14,0,,0,,0,0,0,1,,,,,0,0.00,1,1,1,3/13/2006 12:58:25,0,12/20/2006 2:17:38,1,239,1,1,322
63,18,4,90,0,"Status:","Artifact status",621,13,0,,0,,0,0,0,1,,,,,0,0.00,1,1,1,3/13/2006 12:58:26,0,12/20/2006 2:17:38,1,239,1,1,322
65,18,10,91,0,"Description:","Full description of the artifact",620,18,0,,0,,0,0,0,1,"field.setPreferredSize(new java.awt.Dimension(175,175));",,,,1,5.00,1,5,3,3/13/2006 12:58:27,0,12/20/2006 22:22:28,1,243,1,1,322
67,20,0,88,0,"Test Case:","Test case heading",619,1,0,,0,,0,0,1,1,,,,,0,0.00,1,5,1,3/13/2006 13:35:58,0,6/14/2006 1:01:13,1,3,1,1,320
69,20,1,959,0,"Purpose:","Purpose of this test case",947,18,0,,0,,0,0,0,1,"field.setPreferredSize(new java.awt.Dimension(175,75));",,,,1,0.00,1,5,1,3/13/2006 13:35:59,0,6/14/2006 7:07:50,1,3,1,1,320
71,20,9,91,0,"Notes:","Notes, questions and comments on the test case",620,18,0,,0,,0,0,0,1,"field.setPreferredSize(new java.awt.Dimension(175,75));",,,,1,0.00,1,5,2,3/13/2006 13:36:00,0,6/12/2006 11:54:11,1,2,1,1,320
72,16,10,0,46,"Feature",,0,0,0,,0,,0,0,0,1,,,,,0,0.00,1,1,1,3/13/2006 13:37:35,0,6/12/2006 12:00:11,1,10,1,1,320
73,19,4,0,46,"Implementation",,0,11,0,,0,,0,0,0,1,,,,,0,0.00,1,1,1,3/13/2006 13:37:50,0,6/12/2006 11:53:53,1,2,1,1,320
74,18,11,0,46,"Requirement",,0,0,0,,0,,0,0,0,1,,,,,0,0.00,1,1,1,3/13/2006 13:38:26,0,12/20/2006 2:17:38,1,241,1,1,322
75,20,10,0,46,"Test Case",,0,0,0,,0,,0,0,0,1,,,,,0,0.00,1,1,1,3/13/2006 13:38:40,0,6/12/2006 11:54:11,1,2,1,1,320
77,18,1,109,0,"Version:","Version artifact appeared",616,12,0,,0,,0,0,0,1,,,,,0,0.00,1,1,1,3/20/2006 6:44:58,0,12/20/2006 2:17:38,1,239,1,1,322
79,16,1,109,0,"Version:","Version artifact appeared",616,12,0,,0,,0,0,0,1,,,,,0,0.00,1,1,1,3/20/2006 8:47:58,0,6/12/2006 12:00:11,1,18,1,1,320
87,16,5,157,0,"Effort:","Estimated effort in FTE hours to implement the feature",626,6,3,,0,,0,0,0,1,,,,,0,0.00,1,1,1,4/3/2006 8:28:55,0,6/12/2006 12:00:11,1,11,0,1,320
89,16,13,153,0,"Dependent on:","Right click on the list to add/remove (selected) relationships for traceability",0,11,0,,0,,0,0,0,1,,,,,1,1.00,1,5,3,4/9/2006 14:06:02,0,6/12/2006 12:00:11,1,11,1,1,320
90,16,14,0,46,"Dependencies",,0,0,0,,0,,0,0,0,1,,,,,0,0.00,1,1,1,4/9/2006 14:06:31,0,6/12/2006 12:00:11,1,10,1,1,320
95,16,8,154,0,"Attachments:","Right click to upload and attach files or create a hyperlink",0,19,0,,0,,0,0,0,1,,,,,1,1.00,1,5,2,4/10/2006 22:50:29,0,9/20/2006 19:58:10,1,12,1,1,322
97,16,6,160,0,"Complexity:","Complexity to implement this feature",623,15,0,,0,,0,0,0,1,,,,,0,0.00,1,1,1,4/11/2006 23:49:38,0,6/12/2006 12:00:11,1,11,0,1,320
112,5,0,99,0,"Req #",,0,0,0,,0,,0,0,0,1,,,,,0,0.00,1,1,1,4/12/2006 17:40:07,0,6/3/2006 6:59:10,1,4,1,1,320
113,5,1,100,0,"Name",,0,0,0,,0,,0,0,0,1,,,,,0,0.00,1,1,1,4/12/2006 17:40:34,0,6/3/2006 6:59:10,1,4,1,1,320
114,5,2,98,0,"Priority",,0,0,0,,0,,0,0,0,1,,,,,0,0.00,1,1,1,4/12/2006 17:40:48,0,6/3/2006 6:59:10,1,4,1,1,320
115,5,3,101,0,"Status",,0,0,0,,0,,0,0,0,1,,,,,0,0.00,1,1,1,4/12/2006 17:40:57,0,6/3/2006 6:59:10,1,4,1,1,320
116,5,4,102,0,"Version",,0,0,0,,0,,0,0,0,1,,,,,0,0.00,1,1,1,4/12/2006 17:41:06,0,6/3/2006 6:59:10,1,3,1,1,320
117,5,5,89,0,"Description",,0,0,0,,0,,0,0,0,1,,,,,0,0.00,1,1,1,4/12/2006 17:41:14,0,6/3/2006 6:59:10,1,3,1,1,320
118,4,0,100,0,"Module",,0,0,0,,0,,0,0,0,1,,,,,0,0.00,1,1,1,4/12/2006 17:41:54,0,6/3/2006 6:59:36,1,4,1,1,320
119,4,1,98,0,"Priority",,0,0,0,,0,,0,0,0,1,,,,,0,0.00,1,1,1,4/12/2006 17:42:14,0,6/3/2006 6:59:36,1,4,1,1,320
120,4,2,101,0,"Status",,0,0,0,,0,,0,0,0,1,,,,,0,0.00,1,1,1,4/12/2006 17:42:43,0,6/3/2006 6:59:36,1,4,1,1,320
121,4,3,102,0,"Version",,0,0,0,,0,,0,0,0,1,,,,,0,0.00,1,1,1,4/12/2006 17:42:54,0,6/3/2006 6:59:36,1,3,1,1,320
122,4,4,89,0,"Description",,0,0,0,,0,,0,0,0,1,,,,,0,0.00,1,1,1,4/12/2006 17:43:07,0,6/3/2006 6:59:36,1,3,1,1,320
123,6,0,100,0,"Source",,0,0,0,,0,,0,0,0,1,,,,,0,0.00,1,1,1,4/12/2006 17:45:56,0,6/3/2006 6:59:53,1,3,1,1,320
124,6,1,98,0,"Priority",,0,0,0,,0,,0,0,0,1,,,,,0,0.00,1,1,1,4/12/2006 17:46:19,0,6/3/2006 6:59:53,1,3,1,1,320
125,6,2,101,0,"Status",,0,0,0,,0,,0,0,0,1,,,,,0,0.00,1,1,1,4/12/2006 17:46:42,0,6/3/2006 6:59:53,1,3,1,1,320
126,6,3,102,0,"Version",,0,0,0,,0,,0,0,0,1,,,,,0,0.00,1,1,1,4/12/2006 17:46:59,0,6/3/2006 6:59:53,1,3,1,1,320
127,6,4,89,0,"Description",,0,0,0,,0,,0,0,0,1,,,,,0,0.00,1,1,1,4/12/2006 17:47:16,0,6/3/2006 6:59:53,1,3,1,1,320
128,7,0,99,0,"Test Case #",,0,0,0,,0,,0,0,0,1,,,,,0,0.00,1,1,1,4/12/2006 17:47:31,0,6/3/2006 7:00:06,1,3,1,1,320
129,7,1,100,0,"Test Case",,0,0,0,,0,,0,0,0,1,,,,,0,0.00,1,1,1,4/12/2006 17:47:50,0,6/3/2006 7:00:06,1,3,1,1,320
130,7,2,98,0,"Priority",,0,0,0,,0,,0,0,0,1,,,,,0,0.00,1,1,1,4/12/2006 17:48:07,0,6/3/2006 7:00:06,1,3,1,1,320
131,7,3,101,0,"Status",,0,0,0,,0,,0,0,0,1,,,,,0,0.00,1,1,1,4/12/2006 17:48:32,0,6/3/2006 7:00:06,1,3,1,1,320
132,7,4,89,0,"Description",,0,0,0,,0,,0,0,0,1,,,,,0,0.00,1,1,1,4/12/2006 17:48:47,0,6/3/2006 7:00:06,1,2,1,1,320
133,34,0,172,0,"File",,0,0,0,,0,,0,0,0,1,,,,,0,0.00,1,1,1,4/13/2006 0:00:00,0,4/30/2006 22:09:20,1,25,1,1,320
134,34,1,169,0,"New",,0,0,0,,0,,0,0,0,1,,,,"new24.gif",0,0.00,1,1,1,4/13/2006 0:00:00,0,4/30/2006 22:09:20,1,10,1,1,320
135,34,6,189,0,"Refresh",,0,0,0,,0,,0,0,0,1,,,,"refresh24.gif",0,0.00,1,1,1,4/13/2006 0:00:00,0,4/30/2006 22:09:20,1,10,1,1,320
136,34,10,171,0,"Close",,0,0,0,,0,,0,0,0,1,,,,,0,0.00,1,1,1,4/13/2006 0:00:00,0,4/30/2006 22:09:20,1,10,1,1,320
137,34,9,174,0,"Exit",,0,0,0,,0,,0,0,0,1,,,,,0,0.00,1,1,1,4/13/2006 0:00:00,0,4/30/2006 22:09:20,1,10,1,1,320
138,34,3,170,0,"Open...",,0,0,0,,0,,0,0,0,1,,,,"open24.gif",0,0.00,1,1,1,4/13/2006 0:00:00,0,4/30/2006 22:09:20,1,10,1,1,320
139,34,4,173,0,"Print...",,0,0,0,,0,,0,0,0,1,,,,"print24.gif",0,0.00,1,1,1,4/13/2006 0:00:00,0,4/30/2006 22:09:20,1,10,1,1,320
140,34,20,181,0,"Edit",,0,0,0,,0,,0,0,0,1,,,,,0,0.00,1,1,1,4/13/2006 0:00:00,0,4/30/2006 22:09:20,1,10,1,1,320
141,34,21,176,0,"Copy",,0,0,0,,0,,0,0,0,1,,,,"copy24.gif",0,0.00,1,1,1,4/13/2006 0:00:00,0,4/30/2006 22:09:20,1,10,1,1,320
142,34,22,175,0,"Cut",,0,0,0,,0,,0,0,0,1,,,,"cut24.gif",0,0.00,1,1,1,4/13/2006 0:00:00,0,4/30/2006 22:09:20,1,10,1,1,320
143,34,23,178,0,"Delete",,0,0,0,,0,,0,0,0,1,,,,"delete24.gif",0,0.00,1,1,1,4/13/2006 0:00:00,0,4/30/2006 22:09:20,1,9,1,1,320
144,34,24,179,0,"Search...",,0,0,0,,0,,0,0,0,1,,,,"find24.gif",0,0.00,1,1,1,4/13/2006 0:00:00,0,4/30/2006 22:09:20,1,8,1,1,320
145,34,28,177,0,"Paste",,0,0,0,,0,,0,0,0,1,,,,"paste24.gif",0,0.00,1,1,1,4/13/2006 0:00:00,0,4/30/2006 22:09:20,1,20,1,1,320
146,34,29,180,0,"Replace...",,0,0,0,,0,,0,0,0,1,,,,"replace24.gif",0,0.00,1,1,1,4/13/2006 0:00:00,0,4/30/2006 22:09:20,1,20,1,1,320
147,34,50,182,0,"Tools",,0,0,0,,0,,0,0,0,1,,,,,0,0.00,1,1,1,4/13/2006 0:00:00,0,4/30/2006 22:09:20,1,20,1,1,320
148,34,51,184,0,"Customize...",,0,0,0,,0,,0,0,0,1,,,,,0,0.00,1,1,1,4/13/2006 0:00:00,0,4/30/2006 22:09:20,1,20,1,1,320
149,34,54,185,0,"Options...",,0,0,0,,0,,0,0,0,1,,,,,0,0.00,1,1,1,4/13/2006 0:00:00,0,4/30/2006 22:09:20,1,20,1,1,320
150,34,56,183,0,"Spelling",,0,0,0,,0,,0,0,0,1,,,,,0,0.00,1,1,1,4/13/2006 0:00:00,0,4/30/2006 22:09:20,1,18,1,1,320
151,34,7,186,0,"Help",,0,0,0,,0,,0,0,0,1,,,,,0,0.00,1,1,1,4/13/2006 0:00:00,0,4/30/2006 22:09:20,1,18,1,1,320
152,34,8,187,0,"OSRMT Help",,0,0,0,,0,,0,0,0,1,,,,"help24.gif",0,0.00,1,1,1,4/13/2006 0:00:00,0,4/30/2006 22:09:20,1,16,1,1,320
153,34,9,188,0,"Check for updates",,0,0,0,,0,,0,0,0,1,,,,,0,0.00,1,1,1,4/13/2006 0:00:00,0,4/30/2006 22:09:20,1,15,1,1,320
154,17,8,153,0,"Dependent on:","Right click on the list to add/remove (selected) relationships for traceability",0,11,0,,0,,0,0,0,1,,,,,0,1.00,1,5,3,4/13/2006 22:50:06,0,12/20/2006 2:10:53,1,13,1,1,322
155,17,9,0,46,"Dependencies",,0,0,0,,0,,0,0,0,1,,,,,0,0.00,1,1,1,4/13/2006 22:50:52,0,12/20/2006 2:10:53,1,19,1,1,322
156,19,5,153,0,"Dependent on:","Right click on the list to add/remove (selected) relationships for traceability",0,11,0,,0,,0,0,0,1,,,,,0,1.00,1,5,3,4/13/2006 22:51:17,0,6/12/2006 11:53:53,1,2,1,1,320
157,19,6,0,46,"Dependencies",,0,0,0,,0,,0,0,0,1,,,,,0,0.00,1,1,1,4/13/2006 22:51:37,0,6/12/2006 11:53:53,1,2,1,1,320
160,18,27,153,0,"Dependent on:","Right click on the list to add/remove (selected) relationships for traceability",0,11,0,,0,,0,0,0,1,,,,,0,1.00,1,5,3,4/13/2006 23:47:57,0,12/20/2006 2:17:39,1,240,1,1,322
161,18,28,0,46,"Dependencies",,0,0,0,,0,,0,0,0,1,,,,,0,0.00,1,1,1,4/13/2006 23:48:20,0,12/20/2006 2:17:39,1,241,1,1,322
162,20,11,153,0,"Dependent on:","Right click on the list to add/remove (selected) relationships for traceability",0,11,0,,0,,0,0,0,1,,,,,1,1.00,1,5,3,4/13/2006 23:48:39,0,3/5/2007 17:08:35,1,2,1,5,320
163,20,12,0,46,"Dependencies",,0,0,0,,0,,0,0,0,1,,,,,0,0.00,1,1,1,4/13/2006 23:48:55,0,6/12/2006 11:54:11,1,2,1,1,320
165,37,1,190,0,"New",,0,0,0,,0,,0,0,0,1,,,,"new24.gif",0,0.00,1,1,1,4/16/2006 1:26:07,0,4/16/2006 1:26:07,0,0,1,1,320
166,37,2,191,0,"Open",,0,0,0,,0,,0,0,0,1,,,,"open24.gif",0,0.00,1,1,1,4/16/2006 1:38:31,0,4/16/2006 1:38:31,0,0,1,1,320
167,37,4,192,0,"Print",,0,0,0,,0,,0,0,0,1,,,,"print24.gif",0,0.00,1,1,1,4/16/2006 1:38:58,0,4/16/2006 1:38:58,0,0,1,1,320
169,37,3,203,0,"Refresh",,0,0,0,,0,,0,0,0,1,,,,"refresh24.gif",0,0.00,1,1,1,4/16/2006 1:42:13,0,4/16/2006 1:42:13,0,0,1,1,320
170,37,6,193,0,"Cut",,0,0,0,,0,,0,0,0,1,,,,"cut24.gif",0,0.00,1,1,1,4/16/2006 1:42:41,0,4/16/2006 1:42:41,0,0,1,1,320
171,37,7,194,0,"Copy",,0,0,0,,0,,0,0,0,1,,,,"copy24.gif",0,0.00,1,1,1,4/16/2006 1:43:01,0,4/16/2006 1:43:01,0,0,1,1,320
172,37,8,195,0,"Paste",,0,0,0,,0,,0,0,0,1,,,,"paste24.gif",0,0.00,1,1,1,4/16/2006 1:43:16,0,4/16/2006 1:43:16,0,0,1,1,320
174,37,5,197,0,"Delete",,0,0,0,,0,,0,0,0,1,,,,"delete24.gif",0,0.00,1,1,1,4/16/2006 22:26:18,0,4/16/2006 22:26:18,0,0,1,1,320
176,16,19,228,0,"Modification History:","History of all changes to this record",0,16,0,,0,,0,0,0,1,,,,,1,1.00,1,5,3,4/19/2006 13:38:56,0,6/12/2006 12:00:11,1,11,1,1,320
177,16,20,0,46,"History",,0,0,0,,0,,0,0,0,1,,,,,0,0.00,1,1,1,4/19/2006 13:39:08,0,6/12/2006 12:00:11,1,10,1,1,320
178,2,1,231,0,"Type",,0,0,0,,0,,0,0,0,1,,,,,0,0.00,1,1,1,4/19/2006 16:03:21,0,4/19/2006 16:03:21,0,0,1,1,320
179,2,2,232,0,"Name",,0,0,0,,0,,0,0,0,1,,,,,0,0.00,1,1,1,4/19/2006 16:03:45,0,4/19/2006 16:03:45,0,0,1,1,320
180,2,3,233,0,"Description",,0,0,0,,0,,0,0,0,1,,,,,0,0.00,1,1,1,4/19/2006 16:04:15,0,4/19/2006 16:04:15,0,0,1,1,320
181,1,6,234,0,"User",,0,0,0,,0,,0,0,0,1,,,,,0,0.00,1,1,1,4/19/2006 16:04:44,0,5/31/2006 0:01:43,1,2,1,5,320
182,1,1,236,0,"Name",,0,0,0,,0,,0,0,0,1,,,,,0,0.00,1,1,1,4/19/2006 16:05:07,0,5/31/2006 0:01:43,1,2,1,1,320
183,1,3,237,0,"Status",,0,0,0,,0,,0,0,0,1,,,,,0,0.00,1,1,1,4/19/2006 16:05:28,0,5/31/2006 0:01:44,1,2,1,1,320
184,1,4,238,0,"Priority",,0,0,0,,0,,0,0,0,1,,,,,0,0.00,1,1,1,4/19/2006 16:05:40,0,5/31/2006 0:01:44,1,2,1,1,320
187,1,5,235,0,"Archived",,0,0,0,,0,,0,0,0,1,,,,,0,0.00,1,1,1,4/19/2006 18:10:13,0,5/31/2006 0:01:44,1,2,1,1,320
191,16,15,239,0,"Created By:","User who created this record",630,68,0,,0,,1,0,0,1,,,,,0,0.00,1,1,1,4/19/2006 21:10:04,0,6/12/2006 12:00:11,1,11,1,1,320
193,16,16,240,0,"Created:","Date this record was created",629,4,0,,0,,1,0,0,1,,,,,0,0.00,1,1,1,4/19/2006 21:10:36,0,6/12/2006 12:00:11,1,11,1,1,320
195,16,17,241,0,"Last Update By:","User who last updated this record",632,69,0,,0,,1,0,0,1,,,,,0,0.00,1,1,1,4/19/2006 21:11:37,0,6/12/2006 12:00:11,1,11,1,1,320
197,16,18,242,0,"Updated:","Date this record was last updated",631,4,0,,0,,1,0,0,1,,,,,0,0.00,1,1,1,4/19/2006 21:12:17,0,6/12/2006 12:00:11,1,10,1,1,320
199,34,25,243,0,"Artifact...",,0,0,0,,0,,0,0,0,1,,,,,0,0.00,1,1,1,4/20/2006 0:00:00,0,4/30/2006 22:09:20,1,9,1,1,320
200,34,57,244,0,"Trace...",,0,0,0,,0,,0,0,0,1,,,,,0,0.00,1,1,1,4/20/2006 0:00:00,0,4/30/2006 22:09:20,1,9,1,1,320
204,34,5,252,0,"Recent",,0,0,0,,0,,0,0,0,1,,,,,0,0.00,1,1,1,4/22/2006 0:00:00,0,4/30/2006 22:09:20,1,8,1,1,320
206,12,1,268,0,"Trace From",,0,0,0,,0,"Feature",0,0,0,1,,,,,0,0.00,1,1,1,4/23/2006 16:46:11,0,4/23/2006 16:46:11,0,0,1,1,320
208,12,3,269,0,"Trace Type",,0,0,0,,0,"Traceability Matrix",0,0,0,1,,,,,0,0.00,1,1,1,4/23/2006 16:46:41,0,4/23/2006 16:46:41,0,0,1,1,320
210,12,5,270,0,"Trace To",,0,0,0,,0,"Requirement",0,0,0,1,,,,,0,0.00,1,1,1,4/23/2006 16:47:05,0,4/23/2006 16:47:05,0,0,1,1,320
212,12,7,274,0,"Apply",,0,0,0,,0,,0,0,0,1,,,,,0,0.00,1,1,1,4/23/2006 18:11:01,0,4/23/2006 18:11:01,0,0,1,1,320
213,34,55,275,0,"Reports...",,0,0,0,,0,,0,0,0,1,,,,,0,0.00,1,1,1,4/24/2006 0:00:00,0,4/30/2006 22:09:20,1,11,1,1,320
214,11,0,279,0,"Report",,0,0,0,,0,,0,0,0,1,,,,,0,0.00,1,1,1,4/27/2006 8:12:00,0,4/27/2006 8:12:00,0,0,1,1,320
215,36,0,0,0,"Product",,0,0,0,,0,,0,0,0,1,,,,,0,1.00,1,1,3,4/27/2006 12:22:05,0,5/23/2006 7:07:54,1,2,1,1,320
216,34,2,285,0,"New Product...",,0,0,0,,0,,0,0,0,1,,,,,0,0.00,1,1,1,4/28/2006 0:00:00,0,4/30/2006 22:09:20,1,14,1,1,320
219,34,40,288,0,"System",,0,0,0,,0,,0,0,0,1,,,,,0,0.00,1,1,1,4/30/2006 0:00:00,0,5/10/2006 21:28:33,2,14,0,1,320
220,34,44,289,0,"Forms...",,0,0,0,,0,,0,0,0,1,,,,,0,0.00,1,1,1,4/30/2006 0:00:00,0,4/30/2006 22:09:20,1,9,1,1,320
221,32,6,452,0,,,0,0,0,,0,,0,0,0,1,,,,,0,0.00,1,1,1,5/13/2006 22:29:19,0,5/13/2006 22:29:28,1,7,1,1,320
222,33,22,173,0,"Print...",,0,0,0,,0,,0,0,0,1,,,,"print24.gif",0,0.00,1,1,1,4/13/2006 0:00:00,0,5/10/2006 21:19:58,2,1,1,1,320
223,33,23,181,0,"Edit",,0,0,0,,0,,0,0,0,1,,,,,0,0.00,1,1,1,4/13/2006 0:00:00,0,5/10/2006 21:19:58,2,1,1,1,320
224,33,24,176,0,"Copy",,0,0,0,,0,,0,0,0,1,,,,"copy24.gif",0,0.00,1,1,1,4/13/2006 0:00:00,0,5/10/2006 21:19:58,2,1,1,1,320
225,33,11,288,0,"System",,0,0,0,,0,,0,0,0,1,,,,,0,0.00,1,1,1,4/30/2006 0:00:00,0,5/10/2006 21:20:46,2,2,0,1,320
226,33,12,289,0,"Forms...",,0,0,0,,0,,0,0,0,1,,,,,0,0.00,1,1,1,4/30/2006 0:00:00,0,5/10/2006 21:29:26,2,2,0,1,320
227,15,6,451,0,"ControlDescription:","Status bar text for control",0,0,0,,0,,0,0,0,1,,,,,0,0.00,1,5,1,5/13/2006 15:22:03,0,8/29/2006 14:54:41,0,13,1,1,322
228,33,25,175,0,"Cut",,0,0,0,,0,,0,0,0,1,,,,"cut24.gif",0,0.00,1,1,1,4/13/2006 0:00:00,0,5/10/2006 21:19:58,2,1,1,1,320
229,33,26,178,0,"Delete",,0,0,0,,0,,0,0,0,1,,,,"delete24.gif",0,0.00,1,1,1,4/13/2006 0:00:00,0,5/10/2006 21:19:58,2,1,1,1,320
230,33,2,180,0,"Replace...",,0,0,0,,0,,0,0,0,1,,,,"replace24.gif",0,0.00,1,1,1,4/13/2006 0:00:00,0,5/10/2006 21:19:57,2,1,1,1,320
231,33,3,184,0,"Customize...",,0,0,0,,0,,0,0,0,1,,,,,0,0.00,1,1,1,4/13/2006 0:00:00,0,5/10/2006 21:19:57,2,1,1,1,320
232,15,25,0,46,"Scripting",,0,0,0,,0,,0,0,0,1,,,,,0,0.00,1,1,1,5/7/2006 16:18:13,0,8/29/2006 14:54:42,0,96,1,1,322
233,32,9,301,0,"Created By:","User who created this record",0,0,0,,0,,1,0,0,1,,,,,0,0.00,1,1,1,5/1/2006 16:50:16,0,5/13/2006 22:29:28,1,65,1,1,320
234,34,33,367,0,"Reference...",,0,0,0,,0,,0,0,0,1,,,,,0,0.00,1,1,1,5/10/2006 21:29:10,0,5/10/2006 21:36:26,1,2,1,1,320
235,32,4,295,0,"Position:","Users position",0,0,0,,0,,0,0,0,1,,,,,0,0.00,1,1,1,5/1/2006 16:50:13,0,5/13/2006 22:29:28,1,65,1,1,320
236,33,7,186,0,"Help",,0,0,0,,0,,0,0,0,1,,,,,0,0.00,1,1,1,4/13/2006 0:00:00,0,5/10/2006 21:19:58,2,1,1,1,320
237,32,10,302,0,"Updated:","Date this record was last updated",0,0,0,,0,,1,0,0,1,,,,,0,0.00,1,1,1,5/1/2006 16:50:16,0,5/13/2006 22:29:28,1,65,1,1,320
238,30,7,0,46,"General",,0,0,0,,0,,0,0,0,1,,,,,0,0.00,1,1,1,5/7/2006 20:07:37,0,5/8/2006 21:34:07,1,26,1,1,320
239,15,37,0,46,"Technical",,0,0,0,,0,,0,0,0,1,,,,,0,0.00,1,1,1,5/7/2006 19:13:25,0,8/29/2006 14:54:42,0,49,1,1,322
240,30,15,0,46,"Technical",,0,0,0,,0,,0,0,0,1,,,,,0,0.00,1,1,1,5/7/2006 20:06:56,0,5/8/2006 21:34:08,1,40,1,1,320
241,33,0,172,0,"File",,0,0,0,,0,,0,0,0,1,,,,,0,0.00,1,1,1,4/13/2006 0:00:00,0,5/10/2006 21:19:57,2,1,1,1,320
242,33,13,243,0,"Artifact...",,0,0,0,,0,,0,0,0,1,,,,,0,0.00,1,1,1,4/20/2006 0:00:00,0,5/10/2006 21:19:58,2,1,1,1,320
243,33,14,244,0,"Trace...",,0,0,0,,0,,0,0,0,1,,,,,0,0.00,1,1,1,4/20/2006 0:00:00,0,5/10/2006 21:19:58,2,1,1,1,320
244,33,0,291,0,"Admin",,0,0,0,,0,,0,0,0,1,,,,,0,0.00,1,1,1,5/1/2006 16:28:36,0,5/10/2006 21:20:42,2,2,0,1,320
245,34,46,366,0,"Reference...",,0,0,0,,0,,0,0,0,1,,,,,0,0.00,1,1,1,5/10/2006 21:29:16,0,5/10/2006 21:36:34,1,2,1,1,320
246,32,1,294,0,"First Name:","Users first name",0,0,0,,0,,0,0,0,1,,,,,0,0.00,1,1,1,5/1/2006 16:50:09,0,5/13/2006 22:29:28,1,65,1,1,320
247,33,27,179,0,"Find...",,0,0,0,,0,,0,0,0,1,,,,"find24.gif",0,0.00,1,1,1,4/13/2006 0:00:00,0,5/10/2006 21:19:58,2,1,1,1,320
248,33,28,366,0,"Reference",,0,0,0,,0,,0,0,0,1,,,,,0,0.00,1,1,1,5/3/2006 23:15:29,0,5/10/2006 21:29:24,2,2,0,1,320
249,33,4,185,0,"Options...",,0,0,0,,0,,0,0,0,1,,,,,0,0.00,1,1,1,4/13/2006 0:00:00,0,5/10/2006 21:19:57,2,1,1,1,320
250,34,40,288,0,"System",,0,0,0,,0,,0,0,0,1,,,,,0,0.00,1,1,1,5/10/2006 21:29:13,0,5/10/2006 21:36:11,1,2,1,1,320
251,33,15,252,0,"Recent",,0,0,0,,0,,0,0,0,1,,,,,0,0.00,1,1,1,4/22/2006 0:00:00,0,5/10/2006 21:19:58,2,1,1,1,320
252,33,16,275,0,"Reports...",,0,0,0,,0,,0,0,0,1,,,,,0,0.00,1,1,1,4/24/2006 0:00:00,0,5/10/2006 21:19:58,2,1,1,1,320
253,33,17,169,0,"New",,0,0,0,,0,,0,0,0,1,,,,"new24.gif",0,0.00,1,1,1,4/13/2006 0:00:00,0,5/10/2006 21:19:58,2,1,1,1,320
254,33,5,183,0,"Spelling",,0,0,0,,0,,0,0,0,1,,,,,0,0.00,1,1,1,4/13/2006 0:00:00,0,5/10/2006 21:19:57,2,1,1,1,320
255,33,29,367,0,"Reference",,0,0,0,,0,,0,0,0,1,,,,,0,0.00,1,1,1,5/3/2006 23:15:53,0,5/10/2006 21:29:22,2,2,0,1,320
256,32,2,296,0,"Username:","Unique login username",0,0,0,,0,,1,0,0,1,,,,,0,0.00,1,1,1,5/1/2006 16:50:16,0,5/13/2006 22:29:28,1,66,1,1,320
257,32,11,303,0,"Updated By:","User who last updated this record",0,0,0,,0,,1,0,0,1,,,,,0,0.00,1,1,1,5/1/2006 16:50:16,0,5/13/2006 22:29:28,1,65,1,1,320
258,33,0,292,0,"Users...",,0,0,0,,0,,0,0,0,1,,,,,0,0.00,1,1,1,5/1/2006 16:28:46,0,5/10/2006 21:30:11,2,2,0,1,320
259,33,20,174,0,"Exit",,0,0,0,,0,,0,0,0,1,,,,,0,0.00,1,1,1,4/13/2006 0:00:00,0,5/10/2006 21:19:58,2,1,1,1,320
260,33,21,170,0,"Open...",,0,0,0,,0,,0,0,0,1,,,,"open24.gif",0,0.00,1,1,1,4/13/2006 0:00:00,0,5/10/2006 21:19:58,2,1,1,1,320
261,32,7,0,46,"General",,0,0,0,,0,,0,0,0,1,,,,,0,0.00,1,1,1,5/8/2006 13:26:28,0,5/13/2006 22:29:28,1,14,1,1,320
262,32,5,298,0,"Active:",,0,0,0,,0,,0,0,0,1,,,,,0,0.00,1,1,1,5/1/2006 16:50:16,0,5/13/2006 22:29:28,1,65,1,1,320
263,32,3,299,0,"User ID:","Unique identifier for user",0,0,0,,0,,1,0,0,1,,,,,0,0.00,1,1,1,5/1/2006 16:50:16,0,5/13/2006 22:29:28,1,65,1,1,320
264,33,18,189,0,"Refresh",,0,0,0,,0,,0,0,0,1,,,,"refresh24.gif",0,0.00,1,1,1,4/13/2006 0:00:00,0,5/10/2006 21:19:58,2,1,1,1,320
265,33,19,171,0,"Close",,0,0,0,,0,,0,0,0,1,,,,,0,0.00,1,1,1,4/13/2006 0:00:00,0,5/10/2006 21:19:58,2,1,1,1,320
266,33,1,177,0,"Paste",,0,0,0,,0,,0,0,0,1,,,,"paste24.gif",0,0.00,1,1,1,4/13/2006 0:00:00,0,5/10/2006 21:19:57,2,1,1,1,320
267,32,8,300,0,"Created:","Date this record was created",0,0,0,,0,,1,0,0,1,,,,,0,0.00,1,1,1,5/1/2006 16:50:16,0,5/13/2006 22:29:28,1,65,1,1,320
268,33,6,182,0,"Tools",,0,0,0,,0,,0,0,0,1,,,,,0,0.00,1,1,1,4/13/2006 0:00:00,0,5/10/2006 21:19:57,2,1,1,1,320
269,34,30,291,0,"Admin",,0,0,0,,0,,0,0,0,1,,,,,0,0.00,1,1,1,5/10/2006 21:29:05,0,5/10/2006 21:36:41,1,2,1,1,320
270,15,21,0,46,"General",,0,0,0,,0,,0,0,0,1,,,,,0,0.00,1,1,1,5/7/2006 15:49:39,0,8/29/2006 14:54:42,0,142,1,1,322
271,33,8,187,0,"OSRMT Help",,0,0,0,,0,,0,0,0,1,,,,"help24.gif",0,0.00,1,1,1,4/13/2006 0:00:00,0,5/10/2006 21:19:58,2,1,1,1,320
272,33,9,188,0,"Check for updates",,0,0,0,,0,,0,0,0,1,,,,,0,0.00,1,1,1,4/13/2006 0:00:00,0,5/10/2006 21:19:58,2,1,1,1,320
273,33,10,285,0,"New Product...",,0,0,0,,0,,0,0,0,1,,,,,0,0.00,1,1,1,4/28/2006 0:00:00,0,5/10/2006 21:19:58,2,1,1,1,320
274,34,30,291,0,"Admin",,0,0,0,,0,,0,0,0,1,,,,,0,0.00,1,1,1,5/1/2006 16:28:36,0,5/10/2006 21:28:37,2,1,0,1,320
275,34,35,292,0,"Users...",,0,0,0,,0,,0,0,0,1,,,,,0,0.00,1,1,1,5/1/2006 16:28:46,0,5/1/2006 16:28:46,0,0,1,1,320
276,32,0,293,0,"Last Name:","Users given name",0,0,0,,0,,0,0,0,1,,,,,0,0.00,1,1,1,5/1/2006 16:48:50,0,5/13/2006 22:29:28,1,64,1,1,320
277,32,12,0,46,"Technical",,0,0,0,,0,,0,0,0,1,,,,,0,0.00,1,1,1,5/1/2006 17:10:11,0,5/13/2006 22:29:28,1,13,1,1,320
278,14,3,309,0,"Name",,0,0,0,,0,,0,0,0,1,,,,,0,0.00,1,1,1,5/2/2006 23:13:11,0,5/2/2006 23:13:11,0,0,1,1,320
279,14,4,310,0,"Username",,0,0,0,,0,,0,0,0,1,,,,,0,0.00,1,1,1,5/2/2006 23:13:11,0,5/2/2006 23:13:11,0,0,1,1,320
280,14,6,312,0,"Position",,0,0,0,,0,,0,0,0,1,,,,,0,0.00,1,1,1,5/2/2006 23:13:11,0,5/2/2006 23:13:11,0,0,1,1,320
281,9,1,330,0,"Group",,0,0,0,,0,,0,0,0,1,,,,,0,0.00,1,1,1,5/3/2006 17:46:09,0,5/7/2006 19:35:33,1,1,1,1,320
282,9,2,331,0,"Display",,0,0,0,,0,,0,0,0,1,,,,,0,0.00,1,1,1,5/3/2006 17:46:09,0,5/7/2006 19:35:52,1,1,1,1,320
283,9,3,332,0,"Description",,0,0,0,,0,,0,0,0,1,,,,,0,0.00,1,1,1,5/3/2006 17:46:09,0,5/7/2006 19:36:00,1,1,1,1,320
284,30,0,349,0,"Ref ID:","Unique reference identifier",492,5,0,,0,,1,0,0,1,,,,,0,0.00,1,1,1,5/3/2006 22:44:27,0,5/8/2006 21:34:07,1,42,1,1,320
285,30,3,350,0,"Group:","Reference grouping name",493,1,0,,0,,0,0,0,1,,,,,0,0.00,1,1,1,5/3/2006 22:44:27,0,5/8/2006 13:24:49,1,32,0,1,320
286,30,1,351,0,"App type:",,494,24,0,,0,,0,0,0,1,,,,,0,0.00,1,1,1,5/3/2006 22:44:27,0,6/7/2006 22:42:37,1,44,1,1,320
287,30,3,352,0,"Display code:","Alternate  identifier for this reference item",495,1,0,,0,,0,0,0,1,,,,,0,0.00,1,1,1,5/3/2006 22:44:27,0,5/8/2006 21:34:07,1,41,1,1,320
288,30,4,353,0,"Sequence:","Sequence reference will display in",496,5,0,,0,,0,0,0,1,,,,,0,0.00,1,1,1,5/3/2006 22:44:27,0,5/8/2006 21:34:07,1,41,1,1,320
289,30,2,354,0,"Display:","Display user will see on forms and reports",497,1,0,,0,,0,0,0,1,,,,,0,0.00,1,1,1,5/3/2006 22:44:27,0,5/8/2006 21:34:07,1,41,1,1,320
290,30,6,355,0,"Description:","Full description of the artifact",498,1,0,,0,,0,0,0,1,,,,,0,0.00,1,5,1,5/3/2006 22:44:27,0,5/8/2006 21:34:07,1,42,1,1,320
291,30,8,356,0,"Created:","Date this record was created",499,4,0,,0,,1,0,0,1,,,,,0,0.00,1,1,1,5/3/2006 22:44:27,0,5/8/2006 21:34:07,1,42,1,1,320
292,30,9,357,0,"Created by:","User who created this record",500,17,0,,0,,1,0,0,1,,,,,0,0.00,1,1,1,5/3/2006 22:44:27,0,5/8/2006 21:34:07,1,42,1,1,320
293,30,10,358,0,"Updated:","Date this record was last updated",501,4,0,,0,,1,0,0,1,,,,,0,0.00,1,1,1,5/3/2006 22:44:27,0,5/8/2006 21:34:07,1,42,1,1,320
294,30,11,359,0,"Updated by:","User who last updated this record",502,17,0,,0,,1,0,0,1,,,,,0,0.00,1,1,1,5/3/2006 22:44:27,0,5/8/2006 21:34:08,1,42,1,1,320
295,30,12,360,0,"Update count:","Number of times the record has been updated",503,5,0,,0,,1,0,0,1,,,,,0,0.00,1,1,1,5/3/2006 22:44:27,0,5/8/2006 21:34:08,1,42,1,1,320
296,30,5,361,0,"Active:",,504,5,0,,0,,0,0,0,1,,,,,0,0.00,1,1,1,5/3/2006 22:44:27,0,5/8/2006 21:34:07,1,41,1,1,320
297,30,13,362,0,"Assigned version:",,505,5,0,,0,,1,0,0,1,,,,,0,0.00,1,1,1,5/3/2006 22:44:27,0,6/2/2006 10:37:16,1,42,1,1,320
298,30,14,363,0,"Record type:","Type of record",506,25,0,,0,,1,0,0,1,,,,,0,0.00,1,1,1,5/3/2006 22:44:27,0,5/8/2006 21:34:08,1,41,1,1,320
299,34,47,366,0,"Reference",,0,0,0,,0,,0,0,0,1,,,,,0,0.00,1,1,1,5/3/2006 23:15:29,0,5/10/2006 21:28:28,2,1,0,1,320
300,34,32,367,0,"Reference",,0,0,0,,0,,0,0,0,1,,,,,0,0.00,1,1,1,5/3/2006 23:15:53,0,5/10/2006 21:28:29,2,1,0,1,320
301,10,0,369,0,"Ref ID",,0,0,0,,0,,0,0,0,1,,,,,0,0.00,1,1,1,5/4/2006 10:50:20,0,5/7/2006 20:10:33,1,35,1,1,320
302,10,3,370,0,"Group",,0,0,0,,0,,0,0,0,1,,,,,0,0.00,1,1,1,5/4/2006 10:50:20,0,5/7/2006 20:10:47,1,35,1,1,320
303,10,4,371,0,"App type",,0,0,0,,0,,0,0,0,1,,,,,0,0.00,1,1,1,5/4/2006 10:50:20,0,5/7/2006 20:10:54,1,35,1,1,320
304,10,2,372,0,"Display code",,0,0,0,,0,,0,0,0,1,,,,,0,0.00,1,1,1,5/4/2006 10:50:20,0,5/7/2006 20:10:40,1,35,1,1,320
305,10,5,373,0,"Sequence",,0,0,0,,0,,0,0,0,1,,,,,0,0.00,1,1,1,5/4/2006 10:50:20,0,5/7/2006 20:11:01,1,35,1,1,320
306,10,1,374,0,"Display",,0,0,0,,0,,0,0,0,1,,,,,0,0.00,1,1,1,5/4/2006 10:50:20,0,5/7/2006 20:10:33,1,35,1,1,320
307,10,6,375,0,"Description",,0,0,0,,0,,0,0,0,1,,,,,0,0.00,1,1,1,5/4/2006 10:50:20,0,5/7/2006 20:11:08,1,35,1,1,320
308,10,10,376,0,"Created",,0,0,0,,0,,0,0,0,1,,,,,0,0.00,1,1,1,5/4/2006 10:50:20,0,5/7/2006 20:11:29,1,35,0,1,320
309,10,11,377,0,"createUserId",,0,0,0,,0,,0,0,0,1,,,,,0,0.00,1,1,1,5/4/2006 10:50:20,0,5/7/2006 20:11:22,1,35,0,1,320
310,10,8,378,0,"updateDt",,0,0,0,,0,,0,0,0,1,,,,,0,0.00,1,1,1,5/4/2006 10:50:20,0,5/7/2006 20:11:26,1,35,0,1,320
311,10,9,379,0,"updateUserId",,0,0,0,,0,,0,0,0,1,,,,,0,0.00,1,1,1,5/4/2006 10:50:20,0,5/7/2006 20:11:28,1,35,0,1,320
312,10,7,380,0,"updateCount",,0,0,0,,0,,0,0,0,1,,,,,0,0.00,1,1,1,5/4/2006 10:50:20,0,5/4/2006 10:54:04,1,29,0,1,320
313,10,7,381,0,"Active",,0,0,0,,0,,0,0,0,1,,,,,0,0.00,1,1,1,5/4/2006 10:50:20,0,5/7/2006 20:11:36,1,35,1,1,320
314,10,9,382,0,"systemAssignedVersionNbr",,0,0,0,,0,,0,0,0,1,,,,,0,0.00,1,1,1,5/4/2006 10:50:20,0,5/4/2006 10:54:02,1,29,0,1,320
315,10,14,383,0,"recordTypeRefId",,0,0,0,,0,,0,0,0,1,,,,,0,0.00,1,1,1,5/4/2006 10:50:20,0,5/4/2006 10:53:57,1,29,0,1,320
316,15,1,389,0,"Sequence:","Sequence control will display in",0,0,0,,0,,1,0,0,1,,,,,0,0.00,1,1,1,5/7/2006 9:43:34,0,8/29/2006 14:54:42,0,144,1,1,322
317,15,0,392,0,"Text:",,0,0,0,,0,,0,0,0,1,,,,,0,0.00,1,1,1,5/7/2006 9:43:34,0,8/29/2006 14:54:42,0,142,1,1,322
318,15,27,393,0,"User defined ID:","Not used",0,0,0,,0,,1,0,0,1,,,,,0,0.00,1,1,1,5/7/2006 9:43:34,0,8/29/2006 14:54:42,0,141,1,1,322
319,15,3,394,0,"Format","Not used",0,0,0,,0,,0,0,0,1,,,,,0,0.00,1,1,1,5/7/2006 9:43:34,0,8/29/2006 14:54:42,0,141,0,1,322
320,15,26,395,0,"Source:","Not used",0,0,0,,0,,1,1,0,1,,,,,0,0.00,1,1,1,5/7/2006 9:43:34,0,8/29/2006 14:54:42,0,140,1,1,322
321,15,2,396,0,"Default value:","Default value for new records",0,0,0,,0,,0,0,0,1,,,,,0,0.00,1,1,1,5/7/2006 9:43:34,0,8/29/2006 14:54:42,0,140,1,1,322
322,15,8,397,0,"Locked:","Indicates if the control data may not be changed",0,0,0,,0,,0,0,0,1,,,,,0,0.00,1,1,1,5/7/2006 9:43:34,0,8/29/2006 14:54:42,0,141,1,1,322
323,15,9,398,0,"Disabled:","Indicates if the control is unavailable",0,0,0,,0,,0,0,0,1,,,,,0,0.00,1,1,1,5/7/2006 9:43:34,0,8/29/2006 14:54:42,0,140,1,1,322
324,15,10,399,0,"Required:","Indicates the field must be completed to submit",0,0,0,,0,,0,0,0,1,,,,,0,0.00,1,1,1,5/7/2006 9:43:34,0,8/29/2006 14:54:42,0,140,1,1,322
325,15,11,400,0,"Visible:","Indicates control should be visible",0,0,0,,0,,0,0,0,1,,,,,0,0.00,1,1,1,5/7/2006 9:43:34,0,8/29/2006 14:54:43,0,140,1,1,322
326,15,22,401,0,"Initialization:","Script executing when the control is first created",0,0,0,,0,,0,0,0,1,,,,,1,1.00,1,5,5,5/7/2006 9:43:34,0,8/29/2006 14:54:43,0,140,1,1,322
327,15,24,402,0,"Focus lost:","Script dynamically executing when the control loses focus",0,0,0,,0,,0,0,0,1,,,,,1,1.00,1,5,5,5/7/2006 9:43:34,0,8/29/2006 14:54:43,0,140,1,1,322
328,15,23,403,0,"Focus gained:","Script dynamically executing when the control receives focus",0,0,0,,0,,0,0,0,1,,,,,1,1.00,1,5,5,5/7/2006 9:43:34,0,8/29/2006 14:54:43,0,140,1,1,322
329,15,4,404,0,"Image Path:","Path within resources.jar to image",0,0,0,,0,,0,0,0,1,,,,,0,0.00,1,1,1,5/7/2006 9:43:34,0,8/29/2006 14:54:43,0,141,1,1,322
330,15,12,405,0,"Grow height:","Indicates the control will grow with available space",0,0,0,,0,,0,0,0,1,,,,,0,0.00,1,1,1,5/7/2006 9:43:34,0,8/29/2006 14:54:43,0,140,1,1,322
331,15,16,406,0,"Scrollbars:","Indicates control may need scrollbars",0,0,0,,0,,0,0,0,1,,,,,0,0.00,1,1,1,5/7/2006 9:43:34,0,8/29/2006 14:54:43,0,140,1,1,322
332,15,13,407,0,"Column span:","Number of columns to span: 1 or 5 typically",0,0,0,,0,,0,0,0,1,,,,,0,0.00,1,1,1,5/7/2006 9:43:34,0,8/29/2006 14:54:43,0,140,1,1,322
333,15,31,408,0,"Created:","Date this record was created",0,0,0,,0,,1,0,0,1,,,,,0,0.00,1,1,1,5/7/2006 9:43:34,0,8/29/2006 14:54:43,0,4,0,1,322
334,15,32,409,0,"Created by:","User who created this record",0,0,0,,0,,1,0,0,1,,,,,0,0.00,1,1,1,5/7/2006 9:43:34,0,8/29/2006 14:54:43,0,4,0,1,322
335,15,34,410,0,"Updated:","Date this record was last updated",0,0,0,,0,,1,1,0,1,,,,,0,0.00,1,1,1,5/7/2006 9:43:34,0,8/29/2006 14:54:43,0,4,0,1,322
336,15,35,411,0,"Updated by:","User who last updated this record",0,0,0,,0,,1,1,0,1,,,,,0,0.00,1,1,1,5/7/2006 9:43:34,0,8/29/2006 14:54:44,0,4,0,1,322
337,15,36,412,0,"Update count:","Number of times the record has been updated",0,0,0,,0,,1,1,0,1,,,,,0,0.00,1,1,1,5/7/2006 9:43:34,0,8/29/2006 14:54:44,0,4,0,1,322
338,15,30,413,0,"Active:",,0,0,0,,0,,1,0,0,1,,,,,0,0.00,1,1,1,5/7/2006 9:43:34,0,8/29/2006 14:54:44,0,140,1,1,322
339,15,28,414,0,"Assigned as of version:",,0,0,0,,0,,1,1,0,1,,,,,0,0.00,1,1,1,5/7/2006 9:43:34,0,8/29/2006 14:54:44,0,140,1,1,322
340,15,29,415,0,"Record type:","Type of record",0,0,0,,0,,1,1,0,1,,,,,0,0.00,1,1,1,5/7/2006 9:43:34,0,8/29/2006 14:54:44,0,140,1,1,322
341,15,7,0,45,"-",,0,0,0,,0,,0,0,0,1,,,,,0,0.00,1,1,1,5/7/2006 16:15:29,0,8/29/2006 14:54:44,0,134,0,1,322
342,35,1,418,0,"User",,0,0,0,,0,,0,0,0,1,,,,,0,0.00,1,1,1,5/8/2006 16:01:31,0,5/8/2006 16:01:31,0,0,1,1,320
343,35,2,419,0,"Password",,0,0,0,,0,,0,0,0,1,,,,,0,0.00,1,1,1,5/8/2006 16:05:15,0,5/8/2006 16:05:15,0,0,1,1,320
344,23,0,421,0,"Old Password:","Current password",0,0,0,,0,,0,0,0,1,,,,,0,0.00,1,1,1,5/8/2006 16:29:50,0,5/8/2006 16:29:50,0,0,1,1,320
345,23,1,422,0,"New Password:","New user password",0,0,0,,0,,0,0,0,1,,,,,0,0.00,1,1,1,5/8/2006 16:29:50,0,5/8/2006 16:29:50,0,0,1,1,320
346,23,2,423,0,"Confirm New Password:","Enter your new password again",0,0,0,,0,,0,0,0,1,,,,,0,0.00,1,1,1,5/8/2006 16:29:50,0,5/8/2006 16:29:50,0,0,1,1,320
347,35,3,441,0,"Security",,0,0,0,,0,,0,0,0,1,,,,,0,0.00,1,1,1,5/10/2006 16:45:40,0,5/10/2006 16:45:40,0,0,0,5,320
348,13,2,445,0,"Level",,0,0,0,,0,,0,0,0,1,,,,,0,0.00,1,1,1,5/10/2006 17:05:55,0,5/10/2006 17:05:55,0,0,1,1,320
349,13,3,446,0,"View",,0,0,0,,0,,0,0,0,1,,,,,0,0.00,1,1,1,5/10/2006 17:05:55,0,5/10/2006 17:05:55,0,0,1,1,320
350,13,4,447,0,"Artifact",,0,0,0,,0,,0,0,0,1,,,,,0,0.00,1,1,1,5/10/2006 17:05:55,0,5/10/2006 17:05:55,0,0,1,1,320
351,13,5,448,0,"Application",,0,0,0,,0,,0,0,0,1,,,,,0,0.00,1,1,1,5/10/2006 17:05:55,0,5/10/2006 17:05:55,0,0,1,1,320
352,13,6,449,0,"Read Only",,0,0,0,,0,,0,0,0,1,,,,,0,0.00,1,1,1,5/10/2006 17:05:55,0,5/10/2006 17:05:55,0,0,1,1,320
353,29,2,450,0,"Environment:",,0,0,0,,0,"DEMO",0,0,0,1,,,,,0,0.00,1,1,1,5/11/2006 17:37:26,0,5/11/2006 17:37:26,0,0,1,1,320
354,34,30,467,0,"System Log...","Error messages, warnings, etc are logged and available from the system log menu",0,0,0,,0,,0,0,0,1,,,,,0,0.00,1,1,1,5/14/2006 20:37:56,0,5/14/2006 20:37:56,0,0,1,1,320
355,32,7,469,0,,"Assign views, applications, menus, toolbars etc.",0,0,0,,0,,0,0,0,1,,,,,0,0.00,1,1,1,5/15/2006 0:05:53,0,12/20/2006 2:22:46,1,1,0,1,322
356,34,43,477,0,"Export Reference",,0,0,0,,0,,0,0,0,1,,,,,0,0.00,1,1,1,5/17/2006 17:34:55,0,5/17/2006 17:34:55,0,0,1,1,320
357,34,11,470,0,"Change Password",,0,0,0,,0,,0,0,0,1,,,,,0,0.00,1,1,1,5/15/2006 0:27:37,0,5/15/2006 0:28:16,1,2,1,1,320
358,0,0,0,0,"Product:",,615,3,0,,0,,0,0,0,1,,,,,0,1.00,1,1,3,5/22/2006 9:08:56,0,5/22/2006 9:08:56,0,0,1,1,320
359,31,0,279,0,"Report name:","Name of report",877,1,0,,0,,0,0,1,1,,,,,0,0.00,1,5,1,5/23/2006 3:14:26,0,8/29/2006 14:54:44,0,3,1,5,320
360,27,0,0,0,"Version:","Version artifact appeared",616,7,0,,0,,0,0,0,1,,,,,0,1.00,1,1,3,5/26/2006 8:06:18,0,5/26/2006 8:06:18,0,0,1,1,320
361,36,1,0,46,"Parameters",,0,0,0,,0,,0,0,0,1,,,,,0,0.00,1,1,1,5/23/2006 7:07:20,0,5/23/2006 7:07:34,1,3,1,1,320
362,34,52,904,0,"Filter...",,0,0,0,,0,,0,0,0,1,,,,,0,0.00,1,1,1,5/26/2006 9:42:50,0,5/26/2006 9:43:33,1,2,1,1,320
363,28,0,0,0,"Version:","Version artifact appeared",616,7,0,,0,,0,0,0,1,,,,,0,1.00,1,1,3,5/26/2006 10:15:05,0,6/12/2006 12:27:45,1,1,1,1,320
364,24,0,0,0,"Version:","Version artifact appeared",616,7,0,,0,,0,0,0,1,,,,,0,1.00,1,1,3,5/27/2006 5:26:21,0,5/27/2006 5:26:21,0,0,1,1,320
365,26,0,0,0,"Version:","Version artifact appeared",616,7,0,,0,,0,0,0,1,,,,,0,1.00,1,1,3,5/27/2006 5:27:16,0,5/27/2006 5:27:16,0,0,1,1,320
366,25,0,0,0,"Version:","Version artifact appeared",616,7,0,,0,,0,0,0,1,,,,,0,1.00,1,1,3,5/27/2006 5:27:58,0,5/27/2006 5:27:58,0,0,1,1,320
367,28,0,0,0,"Status:","Artifact status",621,8,0,,0,,0,0,0,1,,,,,0,1.00,1,1,3,5/27/2006 5:31:52,0,6/12/2006 12:27:41,1,1,1,1,320
369,34,8,909,0,"Export...",,0,0,0,,0,,0,0,0,1,,,,,0,0.00,1,1,1,5/27/2006 6:01:14,0,5/27/2006 6:01:14,0,0,1,1,320
370,21,0,0,0,"Export to:","Browse for file name to overwrite",913,9,0,,0,,0,0,0,1,,,,,0,0.00,1,1,1,5/27/2006 6:38:09,0,5/27/2006 6:38:09,0,0,1,1,320
371,18,23,0,0,"Main Flow:",,0,10,0,,0,,0,0,0,1,,,,,0,1.00,1,5,3,5/28/2006 8:28:34,0,12/20/2006 2:17:39,1,242,1,1,322
372,1,2,930,0,"Version",,0,0,0,,0,,0,0,0,1,,,,,0,0.00,1,1,1,5/31/2006 0:01:38,0,5/31/2006 0:02:00,1,4,1,1,320
373,18,3,162,0,"Requirement Nbr:","Assigned number - unique within product and type of artifact",618,1,0,,0,,1,0,0,1,,,,,0,0.00,1,1,1,5/31/2006 7:11:41,0,12/20/2006 2:17:38,1,235,1,1,322
374,18,7,157,0,"Effort:","Estimated effort in FTE hours to implement the feature",626,6,0,,0,,0,0,0,1,,,,,0,0.00,1,1,1,5/31/2006 7:12:44,0,12/20/2006 2:17:38,1,239,1,1,322
375,18,5,160,0,"Complexity:","Complexity to implement this feature",623,15,0,,0,,0,0,0,1,,,,,0,0.00,1,1,1,5/31/2006 7:13:17,0,12/20/2006 2:17:38,1,235,1,1,322
376,18,26,0,46,"Use Case",,0,0,0,,0,,0,0,0,1,,,,,0,0.00,1,1,1,5/31/2006 7:14:11,0,12/20/2006 2:17:39,1,229,1,1,322
377,18,17,155,0,"Origin","Origin of requirement",628,18,0,,0,,0,0,0,1,,,,,1,1.00,1,5,3,5/31/2006 7:15:18,0,12/20/2006 2:17:38,1,227,1,1,322
378,18,18,156,0,"Rationale","Reason for requirement",627,18,0,,0,,0,0,0,1,,,,,1,1.00,1,5,3,5/31/2006 7:15:18,0,12/20/2006 2:17:38,1,225,1,1,322
379,18,6,158,0,"Assigned",,625,21,0,,0,,0,0,0,1,,,,,0,0.00,1,1,1,5/31/2006 7:15:18,0,12/20/2006 2:17:38,1,212,1,1,322
380,18,16,159,0,"Author",,624,20,0,,0,,0,0,0,1,,,,,0,0.00,1,1,1,5/31/2006 7:15:18,0,12/20/2006 2:17:38,1,220,1,1,322
381,18,9,154,0,"Attachments","Right click to upload and attach files or create a hyperlink",0,19,0,,0,,0,0,0,1,,,,,0,1.00,1,5,3,5/31/2006 7:15:18,0,12/20/2006 2:17:38,1,220,1,1,322
382,18,5,228,0,"Modification History:",,0,16,0,,0,,0,0,0,1,,,,,0,1.00,1,5,3,5/31/2006 7:15:18,0,5/31/2006 7:16:57,1,23,0,1,320
383,18,29,239,0,"Created By:","User who created this record",630,68,0,,0,,1,0,0,1,,,,,0,0.00,1,1,1,5/31/2006 7:15:18,0,12/20/2006 2:17:39,1,221,1,1,322
384,18,30,240,0,"Created:","Date this record was created",629,4,0,,0,,1,0,0,1,,,,,0,0.00,1,1,1,5/31/2006 7:15:18,0,12/20/2006 2:17:39,1,222,1,1,322
385,18,31,241,0,"Updated By:","User who last updated this record",632,69,0,,0,,1,0,0,1,,,,,0,0.00,1,1,1,5/31/2006 7:15:18,0,12/20/2006 2:17:39,1,221,1,1,322
386,18,32,242,0,"Updated:","Date this record was last updated",631,4,0,,0,,1,0,0,1,,,,,0,0.00,1,1,1,5/31/2006 7:15:18,0,12/20/2006 2:17:39,1,221,1,1,322
387,18,34,0,46,"History",,0,0,0,,0,,0,0,0,1,,,,,0,0.00,1,5,1,5/31/2006 7:15:34,0,12/20/2006 2:17:39,1,219,1,1,322
388,18,33,228,0,"Modification History:",,0,16,0,,0,,0,0,0,1,,,,,0,1.00,1,5,3,5/31/2006 7:17:14,0,12/20/2006 2:17:39,1,198,1,1,322
389,18,19,0,46,"Background",,0,0,0,,0,,0,0,0,1,,,,,0,0.00,1,1,1,5/31/2006 10:46:36,0,12/20/2006 2:17:38,1,181,1,1,322
390,18,0,957,0,"Category:","Artifact custom type",0,0,0,,0,,0,0,0,1,,,,,0,0.00,1,1,1,5/31/2006 11:57:23,0,5/31/2006 16:38:56,1,4,0,1,320
391,8,0,973,0,"Step",,0,0,0,,0,,0,0,0,1,,,,,0,0.00,1,1,1,5/31/2006 16:36:43,0,5/31/2006 16:36:43,0,0,1,1,320
392,18,20,959,0,"Goal:","Use case goal",947,1,0,,0,,0,0,0,1,,,,,0,0.00,1,5,1,5/31/2006 16:42:30,0,12/20/2006 2:17:39,1,138,1,1,322
393,18,21,958,0,"Context:","Context of use case within the system",948,1,0,,0,,0,0,0,1,,,,,0,0.00,1,5,1,5/31/2006 16:46:49,0,12/20/2006 2:17:39,1,123,1,1,322
394,18,22,961,0,"Precondition:","System state needed for use case to execute",949,1,0,,0,,0,0,0,1,,,,,0,0.00,1,5,1,5/31/2006 16:47:31,0,12/20/2006 2:17:39,1,107,1,1,322
395,18,25,960,0,"Postcondition:","System state after the use case executes",950,1,0,,0,,0,0,0,1,,,,,0,0.00,1,5,1,5/31/2006 16:48:00,0,12/20/2006 2:17:39,1,90,1,1,322
396,18,24,0,0,"Alt Flow:",,0,23,0,,0,,0,0,0,1,,,,,0,1.00,1,5,3,6/2/2006 1:01:54,0,12/20/2006 2:17:39,1,73,1,1,322
397,18,14,0,0,"Details:","Discrete data for artifact",0,22,0,,0,,0,0,0,1,,,,,0,1.00,1,5,3,6/2/2006 1:03:48,0,12/20/2006 2:17:38,1,73,1,1,322
398,18,15,0,46,"Details",,0,0,0,,0,,0,0,0,1,,,,,0,0.00,1,1,1,6/2/2006 1:07:05,0,12/20/2006 2:17:38,1,73,1,1,322
399,18,1,0,46,"New tab",,0,0,0,,0,,0,0,0,1,,,,,0,0.00,1,1,1,6/2/2006 1:07:24,0,6/2/2006 1:09:44,1,41,0,1,320
400,34,42,996,0,"Debug",,0,0,0,,0,,0,0,0,1,,,,,0,0.00,1,1,1,6/2/2006 14:16:10,0,6/2/2006 14:16:10,0,0,1,1,320
401,34,7,998,0,"Import...",,0,0,0,,0,,0,0,0,1,,,,,0,0.00,1,1,1,6/3/2006 6:40:25,0,6/3/2006 6:40:25,0,0,1,1,320
404,6,5,999,0,"Created",,0,0,0,,0,,0,0,0,1,,,,,0,0.00,1,1,1,6/3/2006 6:59:41,0,6/3/2006 6:59:53,1,5,1,1,320
406,5,6,999,0,"Created",,0,0,0,,0,,0,0,0,1,,,,,0,0.00,1,1,1,6/3/2006 6:58:57,0,6/3/2006 6:59:17,1,6,1,1,320
407,7,5,999,0,"Created",,0,0,0,,0,,0,0,0,1,,,,,0,0.00,1,1,1,6/3/2006 6:59:59,0,6/3/2006 7:00:10,1,5,1,1,320
408,4,5,999,0,"Created",,0,0,0,,0,,0,0,0,1,,,,,0,0.00,1,1,1,6/3/2006 6:59:25,0,6/3/2006 6:59:36,1,6,1,1,320
411,3,6,999,0,"Created",,0,0,0,,0,,0,0,0,1,,,,,0,0.00,1,1,1,6/3/2006 6:58:24,0,6/3/2006 6:58:50,1,8,1,1,320
412,22,0,0,0,"Import file",,913,9,0,,0,,0,0,0,1,,,,,0,0.00,1,1,1,6/4/2006 16:59:26,0,6/4/2006 16:59:26,0,0,1,1,320
413,34,31,1012,0,"Positions...",,0,0,0,,0,,0,0,0,1,,,,,0,0.00,1,1,1,6/4/2006 20:47:55,0,6/4/2006 20:47:55,0,0,1,1,320
414,34,37,1104,0,"About...",,0,0,0,,0,,0,0,0,1,,,,,0,0.00,1,1,1,6/8/2006 0:26:07,0,6/8/2006 0:26:07,0,0,1,1,320
415,34,41,1138,0,"Baseline...",,0,0,0,,0,,0,0,0,1,,,,,0,0.00,1,1,1,6/9/2006 7:58:17,0,6/9/2006 7:58:17,0,0,1,1,320
416,38,0,0,0,"Baseline Label:","Unique identifier for this baseline",1142,1,0,,0,,0,0,0,1,,,,,0,0.00,1,1,1,6/9/2006 14:54:36,0,6/9/2006 14:54:36,0,0,1,1,320
417,38,1,0,0,"Baseline Date:","Unique date for this baseline",1163,4,0,,0,,0,0,0,1,,,,,0,0.00,1,1,1,6/11/2006 13:13:15,0,6/11/2006 13:13:15,0,0,1,1,320
418,38,2,0,0,"Baselines:","Product baselines",0,28,0,,0,,0,0,0,1,,,,,0,1.00,1,1,3,6/11/2006 22:47:01,0,6/11/2006 23:33:04,1,1,1,1,320
419,39,0,1161,0,"Label",,0,0,0,,0,,0,0,0,1,,,,,0,0.00,1,1,1,6/11/2006 23:26:51,0,6/11/2006 23:26:51,0,0,1,1,320
420,39,1,1162,0,"Baseline date",,0,0,0,,0,,0,0,0,1,,,,,0,0.00,1,1,1,6/11/2006 23:27:36,0,6/11/2006 23:27:36,0,0,1,1,320
421,20,2,961,0,"Prerequisite:","Dependency to execute the test case",949,18,0,,0,,0,0,0,1,"field.setPreferredSize(new java.awt.Dimension(175,75));",,,,1,0.00,1,5,1,6/12/2006 11:54:04,0,6/14/2006 7:07:39,1,6,1,1,320
422,18,8,957,0,"Category:","Artifact custom type",946,29,0,,0,,0,0,0,1,,,,,0,0.00,1,1,1,6/12/2006 11:43:31,0,12/20/2006 2:17:38,1,27,1,1,322
423,17,3,957,0,"Category:","Artifact custom type",946,29,0,,0,,0,0,0,1,,,,,0,0.00,1,1,1,6/12/2006 11:53:17,0,12/20/2006 2:10:53,1,19,1,1,322
424,19,2,957,0,"Category:","Artifact custom type",946,29,0,,0,,0,0,0,1,,,,,0,0.00,1,1,1,6/12/2006 11:53:44,0,6/12/2006 11:53:53,1,4,1,1,320
425,16,7,957,0,"Category:","Artifact custom type",946,29,0,,0,,0,0,0,1,,,,,0,0.00,1,1,1,6/12/2006 11:29:20,0,6/12/2006 12:00:11,1,14,0,1,320
426,27,0,0,0,"Status:","Artifact status",621,8,0,,0,,0,0,0,1,,,,,0,1.00,1,1,3,6/12/2006 12:43:40,0,6/12/2006 12:43:40,0,0,1,1,320
427,24,0,0,0,"Status:","Artifact status",621,8,0,,0,,0,0,0,1,,,,,0,1.00,1,1,3,6/12/2006 12:44:08,0,6/12/2006 12:44:14,0,0,1,1,320
428,26,0,0,0,"Status:","Artifact status",621,8,0,,0,,0,0,0,1,,,,,0,1.00,1,1,3,6/12/2006 12:44:41,0,6/12/2006 12:44:47,0,0,1,1,320
429,25,0,0,0,"Status:","Artifact status",621,8,0,,0,,0,0,0,1,,,,,0,1.00,1,1,3,6/12/2006 12:45:05,0,6/12/2006 12:45:06,0,0,1,1,320
430,28,0,0,0,"Category:","Artifact custom type",946,30,0,,0,,0,0,0,1,,,,,0,1.00,1,1,3,6/12/2006 12:45:24,0,6/12/2006 12:49:05,0,0,1,1,320
431,27,0,0,0,"Category:","Artifact custom type",946,30,0,,0,,0,0,0,1,,,,,0,1.00,1,1,3,6/12/2006 12:49:23,0,6/12/2006 12:49:23,0,0,1,1,320
432,24,0,0,0,"Category:","Artifact custom type",946,30,0,,0,,0,0,0,1,,,,,0,1.00,1,1,3,6/12/2006 12:49:29,0,6/12/2006 12:49:29,0,0,1,1,320
433,26,0,0,0,"Category:","Artifact custom type",946,30,0,,0,,0,0,0,1,,,,,0,1.00,1,1,3,6/12/2006 12:49:34,0,6/12/2006 12:49:34,0,0,1,1,320
434,25,0,0,0,"Category:","Artifact custom type",946,30,0,,0,,0,0,0,1,,,,,0,1.00,1,1,3,6/12/2006 12:49:40,0,6/12/2006 12:49:40,0,0,1,1,320
435,28,0,0,0,"Priority:","Priority to complete",622,31,0,,0,,0,0,0,1,,,,,0,1.00,1,1,3,6/12/2006 12:51:14,0,6/12/2006 12:51:14,0,0,1,1,320
436,27,0,0,0,"Priority:","Priority to complete",622,31,0,,0,,0,0,0,1,,,,,0,1.00,1,1,3,6/12/2006 12:51:26,0,6/12/2006 12:51:26,0,0,1,1,320
437,24,0,0,0,"Priority:","Priority to complete",622,31,0,,0,,0,0,0,1,,,,,0,1.00,1,1,3,6/12/2006 12:51:31,0,6/12/2006 12:51:31,0,0,1,1,320
438,26,0,0,0,"Priority:","Priority to complete",622,31,0,,0,,0,0,0,1,,,,,0,1.00,1,1,3,6/12/2006 12:51:36,0,6/12/2006 12:51:36,0,0,1,1,320
439,25,0,0,0,"Priority:","Priority to complete",622,31,0,,0,,0,0,0,1,,,,,0,1.00,1,1,3,6/12/2006 12:51:40,0,6/12/2006 12:51:40,0,0,1,1,320
440,20,13,409,0,"Created By:","User who created this record",630,68,0,,0,,1,0,0,1,,,,,0,0.00,1,1,1,6/14/2006 0:44:44,0,6/14/2006 0:44:44,0,0,1,1,320
441,20,14,408,0,"Created:","Date this record was created",629,4,0,,0,,1,0,0,1,,,,,0,0.00,1,1,1,6/14/2006 0:46:00,0,6/14/2006 0:46:00,0,0,1,1,320
442,20,15,411,0,"Last Update By:","User who last updated this record",632,69,0,,0,,1,0,0,1,,,,,0,0.00,1,1,1,6/14/2006 0:46:28,0,6/14/2006 0:46:28,0,0,1,1,320
443,20,16,410,0,"Updated:","Date this record was last updated",631,4,0,,0,,1,0,0,1,,,,,0,0.00,1,1,1,6/14/2006 0:47:05,0,6/14/2006 0:47:05,0,0,1,1,320
444,20,17,228,0,"Modification History:","History of all changes to this record",0,16,0,,0,,0,0,0,1,,,,,1,1.00,1,5,1,6/14/2006 0:47:36,0,6/14/2006 0:47:36,0,0,1,1,320
445,20,18,0,46,"History",,0,0,0,,0,,0,0,0,1,,,,,0,0.00,1,1,1,6/14/2006 0:48:01,0,6/14/2006 0:48:01,0,0,1,1,320
446,20,3,958,0,"Test Data:","Data elements used to execute test",948,18,0,,0,,0,0,0,1,"field.setPreferredSize(new java.awt.Dimension(175,75));",,,,1,0.00,1,5,2,6/14/2006 0:51:21,0,6/14/2006 1:01:28,1,1,1,1,320
447,0,0,0,0,,,0,0,0,,0,,0,0,0,1,,,,,0,0.00,0,1,1,6/14/2006 0:58:16,0,6/14/2006 0:58:16,0,0,1,1,320
448,20,4,0,0,"Steps:","Testing steps",0,22,0,,0,,0,0,0,1,,,,,1,6.00,1,5,3,6/14/2006 0:59:02,0,6/14/2006 1:01:37,1,1,1,1,320
449,20,5,0,0,"Expected:","Expected results",950,18,0,,0,,0,0,0,1,"field.setPreferredSize(new java.awt.Dimension(175,75));",,,,1,0.00,1,5,2,6/14/2006 12:32:57,0,6/14/2006 12:32:57,0,0,1,1,320
477,34,53,1184,0,"Trace impact...",,0,0,0,,0,,0,0,0,1,,,,,0,0.00,1,1,1,6/19/2006 18:07:48,0,6/19/2006 18:07:48,0,0,1,1,320
500,17,10,409,0,"Created By:","User who created this record",630,68,0,,0,,1,0,0,1,,,,,0,0.00,1,1,1,6/20/2006 0:40:31,0,12/20/2006 2:10:53,1,7,1,1,322
501,17,13,410,0,"Updated:","Date this record was last updated",631,4,0,,0,,1,0,0,1,,,,,0,0.00,1,1,1,6/20/2006 0:41:38,0,12/20/2006 2:10:53,1,7,1,1,322
502,17,12,411,0,"Last Update By:","User who last updated this record",632,69,0,,0,,1,0,0,1,,,,,0,0.00,1,1,1,6/20/2006 0:42:06,0,12/20/2006 2:10:53,1,7,1,1,322
503,17,14,228,0,"Modification History:","History of all changes to this record",0,16,0,,0,,0,0,0,1,,,,,1,1.00,1,5,1,6/20/2006 0:42:27,0,12/20/2006 2:10:53,1,7,1,1,322
504,17,15,0,46,"History",,0,0,0,,0,,0,0,0,1,,,,,0,0.00,1,1,1,6/20/2006 0:42:42,0,12/20/2006 2:10:53,1,7,1,1,322
505,19,12,409,0,"Created By:","User who created this record",630,68,0,,0,,1,0,0,1,,,,,0,0.00,1,1,1,6/20/2006 0:43:28,0,6/20/2006 0:43:28,0,0,1,1,320
506,19,13,408,0,"Created:","Date this record was created",629,4,0,,0,,1,0,0,1,,,,,0,0.00,1,1,1,6/20/2006 0:43:51,0,6/20/2006 0:43:51,0,0,1,1,320
507,19,14,411,0,"Last Update By:","User who last updated this record",632,69,0,,0,,1,0,0,1,,,,,0,0.00,1,1,1,6/20/2006 0:44:01,0,6/20/2006 0:44:01,0,0,1,1,320
508,19,15,410,0,"Updated:","Date this record was last updated",631,4,0,,0,,1,0,0,1,,,,,0,0.00,1,1,1,6/20/2006 0:44:15,0,6/20/2006 0:44:15,0,0,1,1,320
509,19,16,228,0,"Modification History:","History of all changes to this record",0,16,0,,0,,0,0,0,1,,,,,1,1.00,1,5,1,6/20/2006 0:44:25,0,6/20/2006 0:44:25,0,0,1,1,321
510,19,17,0,46,"History",,0,0,0,,0,,0,0,0,1,,,,,0,0.00,1,1,1,6/20/2006 0:44:49,0,6/20/2006 0:44:49,0,0,1,1,321
511,17,11,240,0,"CreateDt","Date this record was created",629,4,0,,0,,1,0,0,1,,,,,0,0.00,1,1,1,6/20/2006 0:36:43,0,12/20/2006 2:10:53,1,8,1,1,322
512,15,18,1228,0,"Height:","Enter a value 1-5+.  1 is the standard height.",0,0,0,,0,,0,0,0,1,,,,,0,0.00,1,1,1,8/24/2006 18:47:42,0,8/29/2006 14:54:44,0,3,1,1,322
513,15,17,1229,0,"Width:","Enter a value either 1,5 or 9.  1 is the standard width",0,0,0,,0,,0,0,0,1,,,,,0,0.00,1,1,1,8/24/2006 18:49:30,0,8/29/2006 14:54:44,0,3,1,1,322
514,15,19,1230,0,"Grow width:","Enter a value 1-5.  0 is the standard (no growing)",0,0,0,,0,,0,0,0,1,,,,,0,0.00,1,1,1,8/24/2006 18:50:06,0,8/29/2006 14:54:44,0,3,1,1,322
515,15,20,1231,0,"Grow height:","Enter a vlaue 1-5.  0 is the standard (no grow)",0,0,0,,0,,0,0,0,1,,,,,0,0.00,1,1,1,8/24/2006 18:50:47,0,8/29/2006 14:54:44,0,3,1,1,322
516,15,5,1225,0,"Model column:","Mapping from the control model to the database field",0,0,0,,0,,0,0,0,1,,,,,0,0.00,1,1,1,8/24/2006 18:51:33,0,12/20/2006 2:15:51,1,4,1,1,322
517,15,14,1227,0,"Control type:","Type of control - tab, separator or form control",0,0,0,,0,,0,0,0,1,,,,,0,0.00,1,1,1,8/24/2006 18:52:35,0,12/20/2006 2:16:14,1,4,1,1,322
518,15,3,1226,0,"Custom control:","Custom control for dynamic forms",0,0,0,,0,,0,0,0,1,,,,,0,0.00,1,1,1,8/24/2006 18:53:23,0,8/29/2006 14:54:45,0,3,1,1,322
519,43,0,1233,0,"Custom Control:","Custom control name",753,33,0,,0,,0,0,0,1,,,,,0,0.00,1,1,1,8/24/2006 20:12:48,0,12/20/2006 1:52:51,1,4,1,1,322
520,43,1,1234,0,"Class:","Java class name",754,1,0,,0,,0,0,0,1,,,,,0,0.00,1,1,1,8/24/2006 20:15:53,0,12/20/2006 1:53:03,1,4,1,1,322
521,43,2,1235,0,"Populate Script:","Script to populate control",755,18,0,,0,,0,0,0,1,,,,,1,1.00,1,5,5,8/24/2006 20:16:05,0,12/20/2006 1:53:15,1,4,1,1,322
522,43,3,1236,0,"HTML Script:","Script to generate HTML representation of control",1190,18,0,,0,,0,0,0,1,,,,,1,1.00,1,5,5,8/24/2006 20:16:24,0,12/20/2006 1:53:28,1,4,1,1,322
523,43,4,0,46,"Custom Control",,0,0,0,,0,,0,0,0,1,,,,,0,0.00,1,1,1,8/24/2006 20:16:35,0,8/29/2006 14:54:45,0,3,1,1,322
524,44,0,0,0,"Subject:","Brief title of feedback",1259,1,0,,0,,0,0,1,1,,,,,0,0.00,1,9,1,8/26/2006 20:25:57,0,8/29/2006 14:54:45,0,3,1,1,322
525,44,1,0,0,"Version:","Suggested version for this feedback",1262,12,0,,0,,0,0,0,1,,,,,0,0.00,1,1,1,8/26/2006 20:27:39,0,8/29/2006 14:54:45,0,3,1,1,322
526,44,2,0,0,"Description:","Description",1268,18,0,,0,,0,0,1,1,,,,,1,1.00,1,9,12,8/26/2006 20:29:04,0,8/29/2006 14:54:45,0,3,1,1,322
527,21,1,0,0,"Artifacts:","Export artifacts displayed from selection/filter/search OR export ALL product artifacts",1350,35,0,,0,,0,0,0,1,,,,,0,0.00,1,1,1,8/28/2006 8:21:49,0,8/29/2006 14:54:45,0,3,0,1,322
528,21,2,0,0,"Remove primary key and artifact nbr","Remove the artifact_id and artifact_nbr value from the XML so on import artifacts will not match and will all be added as new",1351,34,0,,0,,0,0,0,1,,,,,0,0.00,1,1,1,8/28/2006 8:21:49,0,8/29/2006 14:54:46,0,3,1,1,322
529,21,3,0,0,"Export tree structure","Export the requirement tree artifact relationships",1352,34,0,,0,,0,0,0,1,,,,,0,0.00,1,1,1,8/28/2006 8:21:49,0,8/29/2006 14:54:46,0,3,0,1,322
530,21,4,0,0,"Export traceability","Export the artifact dependencies",1353,34,0,,0,,0,0,0,1,,,,,0,0.00,1,1,1,8/28/2006 8:21:49,0,8/29/2006 14:54:46,0,3,0,1,322
531,21,5,0,46,"Artifacts",,0,0,0,,0,,0,0,0,1,,,,,0,0.00,1,1,1,8/28/2006 8:21:49,0,8/29/2006 14:54:46,0,3,1,1,322
533,22,2,0,46,"Artifacts",,0,0,0,,0,,0,0,0,1,,,,,0,0.00,1,1,1,8/28/2006 8:21:49,0,8/29/2006 14:54:46,0,3,1,1,322
534,22,1,0,0,"Import under selected artifact",,1356,34,0,,0,,0,0,0,1,,,,,0,0.00,1,1,1,8/28/2006 8:21:49,0,8/29/2006 14:54:46,0,3,0,3,322
535,45,0,88,0,"Feature:","Feature name or title",619,1,0,,0,,0,0,1,1,,,,,0,0.00,1,9,1,8/28/2006 8:21:49,0,8/29/2006 14:54:46,0,2,1,1,322
561,48,0,88,0,"Design:","Design module name",619,1,0,,0,,0,0,1,1,,,,,0,0.00,1,1,1,8/28/2006 8:21:49,0,8/28/2006 8:21:49,1,4,1,2,322
562,48,1,161,0,"Priority:","Priority to complete",622,14,0,,0,,0,0,0,1,,,,,0,0.00,1,1,1,8/28/2006 8:21:49,0,8/28/2006 8:21:49,1,12,1,2,322
563,48,2,90,0,"Status:","Artifact status",621,13,0,,0,,0,0,0,1,,,,,0,0.00,1,1,1,8/28/2006 8:21:49,0,8/28/2006 8:21:49,1,4,1,2,322
565,48,4,91,0,"Description:","Full description of the artifact",620,18,0,,0,,0,0,0,1,"field.setPreferredSize(new java.awt.Dimension(175,175));",,,,0,1.00,1,9,6,8/28/2006 8:21:49,0,8/28/2006 8:21:49,1,4,1,2,320
570,48,6,0,46,"Design",,0,0,0,,0,,0,0,0,1,,,,,0,0.00,1,1,1,8/28/2006 8:21:49,0,8/28/2006 8:21:49,1,4,1,2,322
571,48,5,109,0,"Version:","Version artifact appeared",616,12,0,,0,,0,0,0,1,,,,,0,0.00,1,1,1,8/28/2006 8:21:49,0,8/28/2006 8:21:49,1,8,1,2,322
584,50,0,88,0,"Source code:","Source code file name",619,1,0,,0,,0,0,1,1,,,,,0,0.00,1,1,1,8/28/2006 8:21:49,0,8/29/2006 14:54:47,0,4,1,1,322
586,50,1,90,0,"Status:","Artifact status",621,13,0,,0,,0,0,0,1,,,,,0,0.00,1,1,1,8/28/2006 8:21:49,0,8/29/2006 14:54:47,0,4,1,1,322
588,50,3,91,0,"Description:","Full description of the artifact",620,18,0,,0,,0,0,0,1,"field.setPreferredSize(new java.awt.Dimension(175,175));",,,,0,1.00,1,9,6,8/28/2006 8:21:49,0,8/29/2006 14:54:47,0,4,1,1,322
594,46,0,88,0,"Requirement:","Requirement title",619,1,0,,0,,0,0,1,1,,,,,0,0.00,1,5,1,8/28/2006 8:21:49,0,8/29/2006 14:54:47,0,216,1,1,322
596,46,2,161,0,"Priority:","Priority to complete",622,14,0,,0,,0,0,0,1,,,,,0,0.00,1,1,1,8/28/2006 8:21:49,0,8/29/2006 14:54:47,0,216,1,1,322
598,46,4,90,0,"Status:","Artifact status",621,13,0,,0,,0,0,0,1,,,,,0,0.00,1,1,1,8/28/2006 8:21:49,0,8/29/2006 14:54:47,0,216,1,1,322
600,46,10,91,0,"Description:","Full description of the artifact",620,18,0,,0,,0,0,0,1,"field.setPreferredSize(new java.awt.Dimension(175,175));",,,,0,1.00,1,9,6,8/28/2006 8:21:49,0,8/29/2006 14:54:47,0,218,1,1,322
602,52,0,88,0,"Test Case:","Test case heading",619,1,0,,0,,0,0,1,1,,,,,0,0.00,1,5,1,8/28/2006 8:21:49,0,8/29/2006 14:54:47,0,5,1,1,322
604,52,1,959,0,"Purpose:","Purpose of this test case",947,18,0,,0,,0,0,0,1,"field.setPreferredSize(new java.awt.Dimension(175,75));",,,,1,0.00,1,5,1,8/28/2006 8:21:49,0,8/29/2006 14:54:47,0,5,1,1,322
606,52,9,91,0,"Notes:","Notes, questions and comments on the test case",620,18,0,,0,,0,0,0,1,"field.setPreferredSize(new java.awt.Dimension(175,75));",,,,1,0.00,1,5,2,8/28/2006 8:21:49,0,8/29/2006 14:54:48,0,4,1,1,322
608,50,4,0,46,"Implementation",,0,11,0,,0,,0,0,0,1,,,,,0,0.00,1,1,1,8/28/2006 8:21:49,0,8/29/2006 14:54:48,0,4,1,1,322
609,46,11,0,46,"Requirement",,0,0,0,,0,,0,0,0,1,,,,,0,0.00,1,1,1,8/28/2006 8:21:49,0,8/29/2006 14:54:48,0,218,1,1,322
610,52,10,0,46,"Test Case",,0,0,0,,0,,0,0,0,1,,,,,0,0.00,1,1,1,8/28/2006 8:21:49,0,8/29/2006 14:54:48,0,4,1,1,322
612,46,1,109,0,"Version:","Version artifact appeared",616,12,0,,0,,0,0,0,1,,,,,0,0.00,1,1,1,8/28/2006 8:21:49,0,8/29/2006 14:54:48,0,216,1,1,322
630,45,2,109,0,"Version:","Version",616,12,0,,0,,0,0,0,1,,,,,0,0.00,1,1,1,8/28/2006 9:29:47,0,8/29/2006 14:54:48,0,2,1,1,322
631,45,3,91,0,"Description:","Full description of the feature",620,18,0,,0,,0,0,0,1,"field.setPreferredSize(new java.awt.Dimension(175,175));",,,,0,1.00,1,9,6,8/28/2006 9:30:32,0,8/29/2006 14:54:48,0,2,1,1,322
689,48,7,153,0,"Dependent on:","Right click on the list to add/remove (selected) relationships for traceability",0,11,0,,0,,0,0,0,1,,,,,0,1.00,1,5,3,8/28/2006 8:21:49,0,8/28/2006 8:21:49,1,6,1,2,322
690,48,8,0,46,"Dependencies",,0,0,0,,0,,0,0,0,1,,,,,0,0.00,1,1,1,8/28/2006 8:21:49,0,8/28/2006 8:21:49,1,12,1,2,322
691,50,5,153,0,"Dependent on:","Right click on the list to add/remove (selected) relationships for traceability",0,11,0,,0,,0,0,0,1,,,,,0,1.00,1,5,3,8/28/2006 8:21:49,0,8/29/2006 14:54:48,0,4,1,1,322
692,50,6,0,46,"Dependencies",,0,0,0,,0,,0,0,0,1,,,,,0,0.00,1,1,1,8/28/2006 8:21:49,0,8/29/2006 14:54:48,0,4,1,1,322
695,46,25,153,0,"Dependent on:","Right click on the list to add/remove (selected) relationships for traceability",0,11,0,,0,,0,0,0,1,,,,,0,1.00,1,5,3,8/28/2006 8:21:49,0,8/29/2006 14:54:49,0,218,1,1,322
696,46,26,0,46,"Dependencies",,0,0,0,,0,,0,0,0,1,,,,,0,0.00,1,1,1,8/28/2006 8:21:49,0,8/29/2006 14:54:49,0,218,1,1,322
697,52,11,153,0,"Dependent on:","Right click on the list to add/remove (selected) relationships for traceability",0,11,0,,0,,0,0,0,1,,,,,1,1.00,1,5,3,8/28/2006 8:21:49,0,3/5/2007 17:08:35,0,4,1,5,322
698,52,12,0,46,"Dependencies",,0,0,0,,0,,0,0,0,1,,,,,0,0.00,1,1,1,8/28/2006 8:21:49,0,8/29/2006 14:54:49,0,4,1,1,322
724,47,0,0,0,"Subject:","Brief title of feedback",1259,1,0,,0,,0,0,1,1,,,,,0,0.00,1,9,1,8/28/2006 8:21:49,0,8/29/2006 14:54:49,0,2,1,1,322
725,47,1,0,0,"Version:","Suggested version for this feedback",1262,12,0,,0,,0,0,0,1,,,,,0,0.00,1,1,1,8/28/2006 8:21:49,0,8/29/2006 14:54:49,0,2,1,1,322
726,47,2,0,0,"Description:","Description",1268,18,0,,0,,0,0,1,1,,,,,1,1.00,1,9,12,8/28/2006 8:21:49,0,8/29/2006 14:54:49,0,2,1,1,322
734,49,0,0,0,"Subject:","Brief title of feedback",1259,1,0,,0,,0,0,1,1,,,,,0,0.00,1,9,1,8/28/2006 8:21:49,0,8/28/2006 8:21:49,0,0,1,2,320
735,49,1,0,0,"Version:","Suggested version for this feedback",1262,12,0,,0,,0,0,0,1,,,,,0,0.00,1,1,1,8/28/2006 8:21:49,0,8/28/2006 8:21:49,0,0,1,2,320
736,49,2,0,0,"Description:","Description",1268,18,0,,0,,0,0,1,1,,,,,1,1.00,1,9,12,8/28/2006 8:21:49,0,8/28/2006 8:21:49,0,0,1,2,320
744,51,0,0,0,"Subject:","Brief title of feedback",1259,1,0,,0,,0,0,1,1,,,,,0,0.00,1,9,1,8/28/2006 8:21:49,0,8/29/2006 14:54:49,0,2,1,1,322
745,51,1,0,0,"Version:","Suggested version for this feedback",1262,12,0,,0,,0,0,0,1,,,,,0,0.00,1,1,1,8/28/2006 8:21:49,0,8/29/2006 14:54:49,0,2,1,1,322
746,51,2,0,0,"Description:","Description",1268,18,0,,0,,0,0,1,1,,,,,1,1.00,1,9,12,8/28/2006 8:21:49,0,8/29/2006 14:54:50,0,2,1,1,322
754,53,0,0,0,"Subject:","Brief title of feedback",1259,1,0,,0,,0,0,1,1,,,,,0,0.00,1,9,1,8/28/2006 8:21:49,0,8/29/2006 14:54:50,0,2,1,1,322
755,53,1,0,0,"Version:","Suggested version for this feedback",1262,12,0,,0,,0,0,0,1,,,,,0,0.00,1,1,1,8/28/2006 8:21:49,0,8/29/2006 14:54:50,0,2,1,1,322
756,53,2,0,0,"Description:","Description",1268,18,0,,0,,0,0,1,1,,,,,1,1.00,1,9,12,8/28/2006 8:21:49,0,8/29/2006 14:54:50,0,2,1,1,322
906,46,21,0,0,"Main Flow:",,0,10,0,,0,,0,0,0,1,,,,,0,1.00,1,5,3,8/28/2006 8:21:49,0,8/29/2006 14:54:50,0,219,1,1,322
908,46,3,162,0,"Requirement Nbr:","Assigned number - unique within product and type of artifact",618,1,0,,0,,1,0,0,1,,,,,0,0.00,1,1,1,8/28/2006 8:21:49,0,8/29/2006 14:54:50,0,219,1,1,322
909,46,7,157,0,"Effort:","Estimated effort in FTE hours to implement the feature",626,6,0,,0,,0,0,0,1,,,,,0,0.00,1,1,1,8/28/2006 8:21:49,0,8/29/2006 14:54:50,0,216,1,1,322
910,46,5,160,0,"Complexity:","Complexity to implement this feature",623,15,0,,0,,0,0,0,1,,,,,0,0.00,1,1,1,8/28/2006 8:21:49,0,8/29/2006 14:54:50,0,212,1,1,322
911,46,24,0,46,"Use Case",,0,0,0,,0,,0,0,0,1,,,,,0,0.00,1,1,1,8/28/2006 8:21:49,0,8/29/2006 14:54:50,0,206,1,1,322
912,46,15,155,0,"Origin","Origin of requirement",628,18,0,,0,,0,0,0,1,,,,,0,1.00,1,5,3,8/28/2006 8:21:49,0,8/29/2006 14:54:50,0,203,1,1,322
913,46,16,156,0,"Rationale","Reason for requirement",627,18,0,,0,,0,0,0,1,,,,,0,1.00,1,5,3,8/28/2006 8:21:49,0,8/29/2006 14:54:51,0,201,1,1,322
914,46,6,158,0,"Assigned",,625,21,0,,0,,0,0,0,1,,,,,0,0.00,1,1,1,8/28/2006 8:21:49,0,8/29/2006 14:54:51,0,196,1,1,322
915,46,14,159,0,"Author",,624,20,0,,0,,0,0,0,1,,,,,0,0.00,1,1,1,8/28/2006 8:21:49,0,8/29/2006 14:54:51,0,197,1,1,322
916,46,9,154,0,"Attachments","Right click to upload and attach files or create a hyperlink",0,19,0,,0,,0,0,0,1,,,,,0,1.00,1,5,3,8/28/2006 8:21:49,0,8/29/2006 14:54:51,0,197,1,1,322
917,46,5,228,0,"Modification History:",,0,16,0,,0,,0,0,0,1,,,,,0,1.00,1,5,3,8/28/2006 8:21:49,0,8/29/2006 14:54:51,0,25,0,1,322
918,46,27,239,0,"Created By:","User who created this record",630,68,0,,0,,1,0,0,1,,,,,0,0.00,1,1,1,8/28/2006 8:21:49,0,8/29/2006 14:54:51,0,198,1,1,322
919,46,28,240,0,"Created:","Date this record was created",629,4,0,,0,,1,0,0,1,,,,,0,0.00,1,1,1,8/28/2006 8:21:49,0,8/29/2006 14:54:51,0,199,1,1,322
920,46,29,241,0,"Updated By:","User who last updated this record",632,69,0,,0,,1,0,0,1,,,,,0,0.00,1,1,1,8/28/2006 8:21:49,0,8/29/2006 14:54:51,0,198,1,1,322
921,46,30,242,0,"Updated:","Date this record was last updated",631,4,0,,0,,1,0,0,1,,,,,0,0.00,1,1,1,8/28/2006 8:21:49,0,8/29/2006 14:54:51,0,198,1,1,322
922,46,32,0,46,"History",,0,0,0,,0,,0,0,0,1,,,,,0,0.00,1,5,1,8/28/2006 8:21:49,0,8/29/2006 14:54:51,0,196,1,1,322
923,46,31,228,0,"Modification History:",,0,16,0,,0,,0,0,0,1,,,,,0,1.00,1,5,3,8/28/2006 8:21:49,0,8/29/2006 14:54:51,0,175,1,1,322
924,46,17,0,46,"Background",,0,0,0,,0,,0,0,0,1,,,,,0,0.00,1,1,1,8/28/2006 8:21:49,0,8/29/2006 14:54:51,0,158,1,1,322
927,46,18,959,0,"Goal:","Use case goal",947,1,0,,0,,0,0,0,1,,,,,0,0.00,1,5,1,8/28/2006 8:21:49,0,8/29/2006 14:54:52,0,115,1,1,322
928,46,19,958,0,"Context:","Context of use case within the system",948,1,0,,0,,0,0,0,1,,,,,0,0.00,1,5,1,8/28/2006 8:21:49,0,8/29/2006 14:54:52,0,100,1,1,322
929,46,20,961,0,"Precondition:","System state needed for use case to execute",949,1,0,,0,,0,0,0,1,,,,,0,0.00,1,5,1,8/28/2006 8:21:49,0,8/29/2006 14:54:52,0,84,1,1,322
930,46,23,960,0,"Postcondition:","System state after the use case executes",950,1,0,,0,,0,0,0,1,,,,,0,0.00,1,5,1,8/28/2006 8:21:49,0,8/29/2006 14:54:52,0,67,1,1,322
931,46,22,0,0,"Alt Flow:",,0,23,0,,0,,0,0,0,1,,,,,0,1.00,1,5,3,8/28/2006 8:21:49,0,8/29/2006 14:54:52,0,50,1,1,322
932,46,12,0,0,"Details:","Discrete data for artifact",0,22,0,,0,,0,0,0,1,,,,,0,1.00,1,5,3,8/28/2006 8:21:49,0,8/29/2006 14:54:52,0,50,1,1,322
933,46,13,0,46,"Details",,0,0,0,,0,,0,0,0,1,,,,,0,0.00,1,1,1,8/28/2006 8:21:49,0,8/29/2006 14:54:52,0,50,1,1,322
934,46,1,0,46,"New tab",,0,0,0,,0,,0,0,0,1,,,,,0,0.00,1,1,1,8/28/2006 8:21:49,0,8/29/2006 14:54:52,0,43,0,1,322
956,52,2,961,0,"Prerequisite:","Dependency to execute the test case",949,18,0,,0,,0,0,0,1,"field.setPreferredSize(new java.awt.Dimension(175,75));",,,,1,0.00,1,5,1,8/28/2006 8:21:49,0,8/29/2006 14:54:52,0,8,1,1,322
957,46,8,957,0,"Category:","Artifact custom type",946,29,0,,0,,0,0,0,1,,,,,0,0.00,1,1,1,8/28/2006 8:21:49,0,8/29/2006 14:54:52,0,11,1,1,322
958,48,3,957,0,"Category:","Artifact custom type",946,29,0,,0,,0,0,0,1,,,,,0,0.00,1,1,1,8/28/2006 8:21:49,0,8/28/2006 8:21:49,1,12,1,2,322
959,50,2,957,0,"Category:","Artifact custom type",946,29,0,,0,,0,0,0,1,,,,,0,0.00,1,1,1,8/28/2006 8:21:49,0,8/29/2006 14:54:53,0,6,1,1,322
975,52,13,409,0,"Created By:","User who created this record",630,68,0,,0,,1,0,0,1,,,,,0,0.00,1,1,1,8/28/2006 8:21:49,0,8/29/2006 14:54:53,0,2,1,1,322
976,52,14,408,0,"Created:","Date this record was created",629,4,0,,0,,1,0,0,1,,,,,0,0.00,1,1,1,8/28/2006 8:21:49,0,8/29/2006 14:54:53,0,2,1,1,322
977,52,15,411,0,"Last Update By:","User who last updated this record",632,69,0,,0,,1,0,0,1,,,,,0,0.00,1,1,1,8/28/2006 8:21:49,0,8/29/2006 14:54:53,0,2,1,1,322
978,52,16,410,0,"Updated:","Date this record was last updated",631,4,0,,0,,1,0,0,1,,,,,0,0.00,1,1,1,8/28/2006 8:21:49,0,8/29/2006 14:54:53,0,2,1,1,322
979,52,17,228,0,"Modification History:","History of all changes to this record",0,16,0,,0,,0,0,0,1,,,,,1,1.00,1,5,1,8/28/2006 8:21:49,0,8/29/2006 14:54:53,0,2,1,1,322
980,52,18,0,46,"History",,0,0,0,,0,,0,0,0,1,,,,,0,0.00,1,1,1,8/28/2006 8:21:49,0,8/29/2006 14:54:53,0,2,1,1,322
981,52,3,958,0,"Test Data:","Data elements used to execute test",948,18,0,,0,,0,0,0,1,"field.setPreferredSize(new java.awt.Dimension(175,75));",,,,1,0.00,1,5,2,8/28/2006 8:21:49,0,8/29/2006 14:54:53,0,3,1,1,322
983,52,4,0,0,"Steps:","Testing steps",0,22,0,,0,,0,0,0,1,,,,,1,6.00,1,5,3,8/28/2006 8:21:49,0,8/29/2006 14:54:53,0,3,1,1,322
984,52,5,0,0,"Expected:","Expected results",950,18,0,,0,,0,0,0,1,"field.setPreferredSize(new java.awt.Dimension(175,75));",,,,1,0.00,1,5,2,8/28/2006 8:21:49,0,8/29/2006 14:54:53,0,2,1,1,322
1035,48,10,409,0,"Created By:","User who created this record",630,68,0,,0,,1,0,0,1,,,,,0,0.00,1,1,1,8/28/2006 8:21:49,0,8/28/2006 8:21:49,0,0,1,2,320
1036,48,13,410,0,"Updated:","Date this record was last updated",631,4,0,,0,,1,0,0,1,,,,,0,0.00,1,1,1,8/28/2006 8:21:49,0,8/28/2006 8:21:49,0,0,1,2,320
1037,48,12,411,0,"Last Update By:","User who last updated this record",632,69,0,,0,,1,0,0,1,,,,,0,0.00,1,1,1,8/28/2006 8:21:49,0,8/28/2006 8:21:49,0,0,1,2,320
1038,48,16,228,0,"Modification History:","History of all changes to this record",0,16,0,,0,,0,0,0,1,,,,,1,1.00,1,5,1,8/28/2006 8:21:49,0,8/28/2006 8:21:49,0,0,1,2,321
1039,48,17,0,46,"History",,0,0,0,,0,,0,0,0,1,,,,,0,0.00,1,1,1,8/28/2006 8:21:49,0,8/28/2006 8:21:49,0,0,1,2,321
1040,50,12,409,0,"Created By:","User who created this record",630,68,0,,0,,1,0,0,1,,,,,0,0.00,1,1,1,8/28/2006 8:21:49,0,8/29/2006 14:54:54,0,2,1,1,322
1041,50,13,408,0,"Created:","Date this record was created",629,4,0,,0,,1,0,0,1,,,,,0,0.00,1,1,1,8/28/2006 8:21:49,0,8/29/2006 14:54:54,0,2,1,1,322
1042,50,14,411,0,"Last Update By:","User who last updated this record",632,69,0,,0,,1,0,0,1,,,,,0,0.00,1,1,1,8/28/2006 8:21:49,0,8/29/2006 14:54:54,0,2,1,1,322
1043,50,15,410,0,"Updated:","Date this record was last updated",631,4,0,,0,,1,0,0,1,,,,,0,0.00,1,1,1,8/28/2006 8:21:49,0,8/29/2006 14:54:54,0,2,1,1,322
1044,50,16,228,0,"Modification History:","History of all changes to this record",0,16,0,,0,,0,0,0,1,,,,,1,1.00,1,5,1,8/28/2006 8:21:49,0,8/29/2006 14:54:54,0,2,1,1,322
1045,50,17,0,46,"History",,0,0,0,,0,,0,0,0,1,,,,,0,0.00,1,1,1,8/28/2006 8:21:49,0,8/29/2006 14:54:54,0,2,1,1,322
1046,48,11,240,0,"CreateDt","Date this record was created",629,4,0,,0,,1,0,0,1,,,,,0,0.00,1,1,1,8/28/2006 8:21:49,0,8/28/2006 8:21:49,1,1,1,2,320
1047,31,3,1361,0,"File name:","File name in the client\reports directory e.g. test.jasper",1359,1,0,,0,,0,0,1,1,,,,,0,0.00,1,5,1,8/28/2006 14:04:19,0,8/29/2006 14:54:54,0,2,1,5,320
1048,31,4,1360,0,"SQL:","SQL executed for report",728,18,0,,0,,0,0,1,1,,,,,1,1.00,1,5,9,8/28/2006 14:05:15,0,8/29/2006 14:54:55,0,2,1,5,320
1049,31,5,1363,0,"Active:","Active or inactivate to remove report.  Leave blank to use SQL embedded in the report.",735,34,0,,0,,0,0,0,1,,,,,0,0.00,1,1,1,8/28/2006 14:29:21,0,8/29/2006 14:54:55,0,2,1,5,320
1050,31,7,0,46,"SQL report",,0,0,0,,0,,0,0,0,1,,,,,0,0.00,1,1,1,8/28/2006 14:29:54,0,8/29/2006 14:54:55,0,2,1,5,320
1051,34,60,1425,0,"View",,0,0,0,,0,,0,0,0,1,,,,,0,0.00,1,1,1,9/21/2006 16:27:11,0,9/21/2006 16:27:11,0,0,1,3,320
1052,34,61,1427,0,"Change Control...",,0,0,0,,0,,0,0,0,1,,,,,0,0.00,1,1,1,9/21/2006 16:27:42,0,9/21/2006 16:27:43,0,0,1,3,320
1053,34,62,1426,0,"Traceability...",,0,0,0,,0,,0,0,0,1,,,,,0,0.00,1,1,1,9/21/2006 16:28:05,0,9/21/2006 16:28:05,0,0,1,3,320
1054,37,11,1431,0,"Traceability",,0,0,0,,0,,0,0,0,1,,,,"traceability24.gif",0,0.00,1,1,1,9/21/2006 16:41:43,0,9/21/2006 16:41:43,0,0,1,3,320
1055,37,12,1430,0,"Change control",,0,0,0,,0,,0,0,0,1,,,,"changecontrol24.gif",0,0.00,1,1,1,9/21/2006 16:41:59,0,9/21/2006 16:41:59,0,0,1,3,320
1056,58,0,1449,0,"New","New change control item",0,0,0,,0,,0,0,0,1,,,,"new24.gif",0,0.00,1,1,1,9/21/2006 18:21:46,0,9/21/2006 18:21:46,0,0,1,3,320
1057,58,1,1451,0,"Print","Print select change control items",0,0,0,,0,,0,0,0,1,,,,"print24.gif",0,0.00,1,1,1,9/21/2006 18:22:41,0,9/21/2006 18:22:41,0,0,1,3,320
1058,58,2,1450,0,"Refresh","Refresh change control list",0,0,0,,0,,0,0,0,1,,,,"refresh24.gif",0,0.00,1,1,1,9/21/2006 18:23:13,0,9/21/2006 18:23:13,0,0,1,3,320
1059,56,0,1439,0,"File",,0,0,0,,0,,0,0,0,1,,,,,0,0.00,1,1,1,9/21/2006 18:23:41,0,9/21/2006 18:23:41,0,0,1,3,320
1060,56,1,1440,0,"New...","New change control item",0,0,0,,0,,0,0,0,1,,,,,0,0.00,1,1,1,9/21/2006 18:24:27,0,9/21/2006 18:24:27,0,0,1,3,320
1061,56,2,1441,0,"Refresh","Refresh change control list",0,0,0,,0,,0,0,0,1,,,,,0,0.00,1,1,1,9/21/2006 18:24:48,0,9/21/2006 18:24:48,0,0,1,3,320
1062,56,3,1442,0,"Print...","Print selected change control items",0,0,0,,0,,0,0,0,1,,,,,0,0.00,1,1,1,9/21/2006 18:25:38,0,9/21/2006 18:25:38,0,0,1,3,320
1063,56,10,1445,0,"Close","Close change control view",0,0,0,,0,,0,0,0,1,,,,,0,0.00,1,1,1,9/21/2006 18:26:01,0,9/21/2006 18:26:01,0,0,1,3,320
1064,56,11,1446,0,"Edit",,0,0,0,,0,,0,0,0,1,,,,,0,0.00,1,1,1,9/21/2006 18:26:31,0,9/21/2006 18:26:31,0,0,1,3,320
1065,56,12,1447,0,"Item...","Edit change control item",0,0,0,,0,,0,0,0,1,,,,,0,0.00,1,1,1,9/21/2006 18:26:53,0,9/21/2006 18:26:53,0,0,1,3,320
1066,56,13,1448,0,"Find...","Find a change control item",0,0,0,,0,,0,0,0,1,,,,,0,0.00,1,1,1,9/21/2006 18:27:31,0,9/21/2006 18:27:31,0,0,1,3,320
1067,61,0,1463,0,"Change #","Change control request number",0,0,0,,0,,0,0,0,1,,,,,0,0.00,1,1,1,9/22/2006 8:48:35,0,9/22/2006 8:48:35,0,0,1,3,320
1068,61,1,1464,0,"Status","Change control request status",0,0,0,,0,,0,0,0,1,,,,,0,0.00,1,1,1,9/22/2006 8:49:44,0,9/22/2006 8:49:44,0,0,1,3,320
1069,61,2,1465,0,"Opened","Date change control request was opened",0,0,0,,0,,0,0,0,1,,,,,0,0.00,1,1,1,9/22/2006 8:51:05,0,9/22/2006 8:51:05,0,0,1,3,320
1070,61,3,1466,0,"Version","Product version change is for",0,0,0,,0,,0,0,0,1,,,,,0,0.00,1,1,1,9/22/2006 8:51:31,0,9/22/2006 8:51:31,0,0,1,3,320
1071,61,4,1468,0,"Change request","Title of the change control request",0,0,0,,0,,0,0,0,1,,,,,0,0.00,1,1,1,9/22/2006 8:52:18,0,9/22/2006 8:52:18,0,0,1,3,320
1072,61,5,1470,0,"Severity","Severity of problem change is addressing",0,0,0,,0,,0,0,0,1,,,,,0,0.00,1,1,1,9/22/2006 8:52:50,0,9/22/2006 8:52:50,0,0,1,3,320
1073,61,6,1471,0,"Priority","Priority of the change request",0,0,0,,0,,0,0,0,1,,,,,0,0.00,1,1,1,9/22/2006 8:53:19,0,9/22/2006 8:53:19,0,0,1,3,320
1074,61,7,1472,0,"Group assigned","Group assigned to change request",0,0,0,,0,,0,0,0,1,,,,,0,0.00,1,1,1,9/22/2006 8:54:07,0,9/22/2006 8:54:07,0,0,1,3,320
1075,61,8,1473,0,"Assigned","User assigned to change control request",0,0,0,,0,,0,0,0,1,,,,,0,0.00,1,1,1,9/22/2006 8:54:39,0,9/22/2006 8:54:39,0,0,1,3,320
1076,62,1,1463,0,"Change Request:","Change control request number",1492,5,0,,0,,1,0,0,1,,,,,0,0.00,1,1,1,9/23/2006 13:51:08,0,9/23/2006 13:51:08,0,0,1,3,320
1077,62,2,0,0,"Product:","Product changed",1258,36,0,,0,,0,0,1,1,,,,,0,0.00,1,1,1,9/23/2006 14:15:54,0,9/23/2006 14:15:54,0,0,1,3,320
1078,62,3,0,0,"External Ref #:","External identifier for the change",1287,1,0,,0,,0,0,0,1,,,,,0,0.00,1,1,1,9/23/2006 14:18:02,0,9/23/2006 14:18:02,0,0,1,3,320
1079,62,4,0,0,"Version:","Version change requested for",1262,47,0,,0,,0,0,0,1,,,,,0,0.00,1,1,1,9/23/2006 14:21:14,0,9/23/2006 14:21:14,0,0,1,3,320
1080,62,5,0,0,"Status:","Status of change request",1340,46,0,,0,"New",0,0,1,1,,,,,0,0.00,1,1,1,9/23/2006 14:21:16,0,9/23/2006 14:21:16,0,0,1,3,320
1081,62,6,0,0,"Open Date:","Date change request was opened",1261,4,0,,0,,0,0,1,1,,,,,0,0.00,1,1,1,9/23/2006 14:21:18,0,9/23/2006 14:21:18,0,0,1,3,320
1082,62,0,0,0,"Change:","Title of change",1259,1,0,,0,,0,0,1,1,,,,,0,0.00,1,5,1,9/23/2006 14:21:20,0,9/23/2006 14:21:20,0,0,1,3,320
1083,62,7,0,0,"Assigned Group:","Currently assigned group",1341,39,0,,0,,0,0,1,1,,,,,0,0.00,1,1,1,9/23/2006 14:21:22,0,9/23/2006 14:21:22,0,0,1,3,320
1084,62,8,0,0,"Assigned User:","Currently assigned user",1267,53,0,,0,,0,0,0,1,,,,,0,0.00,1,1,1,9/23/2006 14:21:24,0,9/23/2006 14:21:24,0,0,1,3,320
1085,62,9,0,0,"Priority:","Priority of change",1342,41,0,,0,"Low",0,0,1,1,,,,,0,0.00,1,1,1,9/23/2006 14:21:27,0,9/23/2006 14:21:27,0,0,1,3,320
1086,62,10,0,0,"Severity:","Severity of change",1270,44,0,,0,,0,0,0,1,,,,,0,0.00,1,1,1,9/23/2006 14:21:30,0,9/23/2006 14:21:30,0,0,1,3,320
1087,62,11,0,0,"Submitted by:","Change submitted by",1273,54,0,,0,,0,0,1,1,,,,,0,0.00,1,1,1,9/23/2006 14:21:33,0,9/23/2006 14:21:33,0,0,1,3,320
1088,62,12,0,0,"Frequency:","Frequency of occurence of issue",1272,38,0,,0,,0,0,0,1,,,,,0,0.00,1,1,1,9/23/2006 14:21:35,0,9/23/2006 14:21:35,0,0,1,3,320
1089,62,14,0,0,"Description:","Description of change request",1268,18,0,,0,,0,0,1,1,,,,,1,5.00,1,5,3,9/23/2006 14:21:37,0,10/8/2006 21:34:27,1,1,1,1,320
1090,62,13,0,0,"Attachments:","Right click to attach or link a file",0,55,0,,0,,0,0,0,1,,,,,1,1.00,1,5,3,9/23/2006 14:21:40,0,10/8/2006 21:34:21,1,1,1,1,320
1091,62,15,0,46,"Change request",,0,0,0,,0,,0,0,0,1,,,,,0,0.00,1,1,1,9/23/2006 14:21:43,0,9/23/2006 14:21:43,0,0,1,3,320
1092,62,16,0,0,"History:","History behind the change",1280,18,0,,0,,0,0,0,1,,,,,1,1.00,1,5,3,9/23/2006 14:21:45,0,10/8/2006 21:33:58,1,1,1,1,322
1093,62,17,0,0,"Updates:","Update log",0,18,0,,0,,0,0,0,1,,,,,1,3.00,1,5,6,9/23/2006 14:21:47,0,10/8/2006 21:34:04,1,1,1,1,322
1094,62,18,0,46,"Change log",,0,0,0,,0,,0,0,0,1,,,,,0,0.00,1,1,1,9/23/2006 14:21:49,0,9/23/2006 14:21:49,0,0,1,3,320
1095,62,19,0,0,"Fix by:","Date change must be applied by",1271,4,0,,0,,0,0,0,1,,,,,0,0.00,1,1,1,9/23/2006 14:21:52,0,9/23/2006 14:21:52,0,0,1,3,320
1096,62,20,0,0,"Effort:","Estimated effort for change",1278,6,0,,0,,0,0,0,1,,,,,0,0.00,1,1,1,9/23/2006 14:21:54,0,9/23/2006 14:21:54,0,0,1,3,320
1097,62,21,0,0,"Reproducible:","Is issue reproducible",1276,42,0,,0,,0,0,0,1,,,,,0,0.00,1,1,1,9/23/2006 14:21:57,0,9/23/2006 14:21:57,0,0,1,3,320
1098,62,22,0,0,"Directions:","Directions to reproduce issue",1279,18,0,,0,,0,0,0,1,,,,,1,1.00,1,5,3,9/23/2006 14:21:59,0,10/8/2006 21:36:18,1,1,1,1,322
1099,62,23,0,0,"Client O/S:","Client operating system issue occurred on",1290,40,0,,0,,0,0,0,1,,,,,0,0.00,1,1,1,9/23/2006 14:22:03,0,9/23/2006 14:22:03,0,0,1,3,320
1100,62,24,0,0,"Server O/S:","Server operating system",1291,40,0,,0,,0,0,0,1,,,,,0,0.00,1,1,1,9/23/2006 15:01:01,0,9/23/2006 15:01:01,0,0,1,3,320
1101,62,25,0,0,"External Ref 2:","Second external identifier",1288,1,0,,0,,0,0,0,1,,,,,0,0.00,1,1,1,9/23/2006 15:07:22,0,9/23/2006 15:07:22,0,0,1,3,320
1102,62,26,0,0,"External Ref 3:","Third external identifier",1289,1,0,,0,,0,0,0,1,,,,,0,0.00,1,1,1,9/23/2006 15:08:56,0,9/23/2006 15:08:56,0,0,1,3,320
1103,62,27,0,0,"Closed date:","Date change request closed",1281,4,0,,0,,0,0,0,1,,,,,0,0.00,1,1,1,9/23/2006 15:09:20,0,9/23/2006 15:09:20,0,0,1,3,320
1104,62,28,0,0,"Closed category:","Closed category",1282,37,0,,0,,0,0,0,1,,,,,0,0.00,1,1,1,9/23/2006 15:09:48,0,9/23/2006 15:09:48,0,0,1,3,320
1105,62,29,0,0,"Closed user:","User closing issue",1283,17,0,,0,,0,0,0,1,,,,,0,0.00,1,1,1,9/23/2006 15:10:25,0,9/23/2006 15:10:25,0,0,1,3,320
1106,62,30,0,0,"Resolved date:","Date issue was resolved",1284,4,0,,0,,0,0,0,1,,,,,0,0.00,1,1,1,9/23/2006 15:11:03,0,9/23/2006 15:11:03,0,0,1,3,320
1107,62,31,0,0,"Resolved user:","User resolving issue",1285,17,0,,0,,0,0,0,1,,,,,0,0.00,1,1,1,9/23/2006 15:11:31,0,9/23/2006 15:11:31,0,0,1,3,320
1108,62,32,0,0,"Resolved category:","Resolved category",1286,43,0,,0,,0,0,0,1,,,,,0,0.00,1,1,1,9/23/2006 15:11:57,0,9/23/2006 15:11:57,0,0,1,3,320
1109,62,33,0,46,"Resolution",,0,0,0,,0,,0,0,0,1,,,,,0,0.00,1,1,1,9/23/2006 15:12:28,0,9/23/2006 15:12:28,0,0,1,3,320
1110,63,1,0,0,"Trace:","Traceabiliy starts with this set of artifacts",1543,50,0,,0,,0,0,0,1,,,,,0,0.00,1,1,1,10/1/2006 16:17:12,0,10/1/2006 16:17:12,0,0,1,3,320
1111,63,2,0,0,"Artifact:","Type of artifact to trace from",1545,52,0,,0,,0,0,0,1,,,,,0,0.00,1,1,1,10/1/2006 16:18:53,0,10/1/2006 16:18:54,0,0,1,3,320
1112,63,3,0,0,"Direction:","Trace down with child dependencies or trace up to parents",1544,49,0,,0,,0,0,0,1,,,,,0,0.00,1,1,1,10/1/2006 16:19:38,0,10/1/2006 16:19:38,0,0,1,3,320
1113,63,4,0,0,"Allow tree cycles:","Allow circular dependencies so an artifact may be repeated in the tree",1541,34,0,,0,,0,0,0,1,,,,,0,0.00,1,1,1,10/1/2006 16:20:29,0,10/1/2006 16:20:29,0,0,1,3,320
1114,63,5,0,0,"Max tree depth:","Constrain the number of child dependencies",1542,5,0,,0,,0,0,0,1,,,,,0,0.00,1,1,1,10/1/2006 16:21:18,0,10/1/2006 16:21:18,0,0,1,3,320
1115,63,6,0,0,"Trace to:","Constrain the types of artifacts the tree traces to",1546,51,0,,0,,0,0,0,1,,,,,0,1.00,1,5,3,10/1/2006 16:22:43,0,10/1/2006 16:22:43,0,0,1,3,320
1116,57,0,1532,0,"File",,0,0,0,,0,,0,0,0,1,,,,,0,0.00,1,1,1,10/1/2006 16:36:51,0,10/1/2006 16:36:51,0,0,1,3,320
1117,57,2,1533,0,"Refresh","Refresh the traceability tree",0,0,0,,0,,0,0,0,1,,,,,0,0.00,1,1,1,10/1/2006 16:37:18,0,10/1/2006 16:37:18,0,0,1,3,320
1118,57,4,1445,0,"Close","Close the traceability tree",0,0,0,,0,,0,0,0,1,,,,,0,0.00,1,1,1,10/1/2006 16:37:50,0,10/1/2006 16:37:50,0,0,1,3,320
1119,57,5,1536,0,"Edit",,0,0,0,,0,,0,0,0,1,,,,,0,0.00,1,1,1,10/1/2006 16:38:25,0,10/1/2006 16:38:25,0,0,1,3,320
1120,57,6,1537,0,"Trace left to right","Create a dependency for the left selected artifacts on the right selected artifacts",0,0,0,,0,,0,0,0,1,,,,,0,0.00,1,1,1,10/1/2006 16:38:43,0,10/1/2006 16:38:43,0,0,1,3,320
1121,57,7,1538,0,"Untrace","Remove any traceability between all artifacts",0,0,0,,0,,0,0,0,1,,,,,0,0.00,1,1,1,10/1/2006 16:39:30,0,10/1/2006 16:39:30,0,0,1,3,320
1122,57,3,1534,0,"Print","Generate report for traceability tree",0,0,0,,0,,0,0,0,1,,,,,0,0.00,1,1,1,10/1/2006 16:42:20,0,10/1/2006 16:42:20,0,0,1,3,320
1123,57,8,1539,0,"Criteria","Configuration for how the traceability tree is created",0,0,0,,0,,0,0,0,1,,,,,0,0.00,1,1,1,10/1/2006 16:46:13,0,10/1/2006 16:46:13,0,0,1,3,320
1124,59,0,1547,0,"Trace left to right","Create a trace from left to right for the selected artifacts",0,0,0,,0,,0,0,0,1,,,,"tracelefttoright.gif",0,0.00,1,1,1,10/1/2006 23:38:32,0,10/1/2006 23:38:32,0,0,1,3,320
1125,59,2,1548,0,"Untrace","Remove any traces between the selected artifacts",0,0,0,,0,,0,0,0,1,,,,"delete24.gif",0,0.00,1,1,1,10/1/2006 23:41:58,0,10/1/2006 23:41:58,0,0,1,3,320
1126,59,3,1549,0,"Refresh","Refresh the traceability tree",0,0,0,,0,,0,0,0,1,,,,"refresh24.gif",0,0.00,1,1,1,10/1/2006 23:42:10,0,10/1/2006 23:42:10,0,0,1,3,320
1127,59,4,1550,0,"Print","Print the traceabililty report",0,0,0,,0,,0,0,0,1,,,,"print24.gif",0,0.00,1,1,1,10/1/2006 23:42:34,0,10/1/2006 23:42:34,0,0,1,3,320
1128,59,5,1551,0,"Criteria","Change the criteria for the traceability",0,0,0,,0,,0,0,0,1,,,,"criteria24.gif",0,0.00,1,1,1,10/1/2006 23:42:44,0,10/1/2006 23:42:44,0,0,1,3,320
1129,65,0,0,0,"User group:","User group defined under Admin->Reference",1411,56,0,,0,,0,0,0,1,,,,,0,0.00,1,1,1,10/9/2006 11:10:24,0,10/9/2006 11:10:24,0,0,1,3,320
1130,65,1,0,0,"User:","User to add to group",1410,57,0,,0,,0,0,0,1,,,,,0,0.00,1,1,1,10/9/2006 11:11:13,0,10/9/2006 11:11:13,0,0,1,3,320
1131,34,34,1562,0,"User Groups",,0,0,0,,0,,0,0,0,1,,,,,0,0.00,1,1,1,10/9/2006 12:28:17,0,10/9/2006 12:28:17,0,0,1,3,320
1132,66,0,1571,0,"User",,0,0,0,,0,,0,0,0,1,,,,,0,0.00,1,1,1,10/9/2006 12:34:05,0,10/9/2006 12:34:05,0,0,1,3,320
1133,66,1,1572,0,"User Group",,0,0,0,,0,,0,0,0,1,,,,,0,0.00,1,1,1,10/9/2006 12:38:02,0,10/9/2006 12:38:02,0,0,1,3,320
1134,67,0,0,0,"Init Script:","Initialization script for the view",1249,18,0,,0,,0,0,0,1,,,,,1,1.00,1,5,5,10/9/2006 19:15:57,0,10/9/2006 19:15:57,0,0,1,3,320
1135,67,1,0,0,"Validation Script:","Validation script (not used)",1250,18,0,,0,,0,0,0,1,,,,,1,1.00,1,5,3,10/9/2006 19:16:45,0,10/9/2006 19:16:50,0,0,1,3,320
1136,67,3,0,46,"Scripts:",,0,0,0,,0,,0,0,0,1,,,,,0,0.00,1,1,1,10/9/2006 19:19:46,0,10/9/2006 19:19:46,0,0,1,3,320
1137,59,1,1576,0,"Trace right to left","Create a trace from right to left for the selected artifacts",0,0,0,,0,,0,0,0,1,,,,"tracerightoleft.gif",0,0.00,1,1,1,10/9/2006 19:57:23,0,10/9/2006 19:57:23,0,0,1,3,320
1138,57,9,1577,0,"Trace right to left","Create a dependency for the right selected artifacts on the left selected artifacts",0,0,0,,0,,0,0,0,1,,,,,0,0.00,1,1,1,10/9/2006 19:58:36,0,10/9/2006 19:58:36,0,0,1,3,320
1139,34,27,1582,0,"Move up","Move artifact up in child sequence",0,0,0,,0,,0,0,0,1,,,,,0,0.00,1,1,1,10/9/2006 21:00:52,0,10/9/2006 21:00:52,0,0,1,3,320
1140,34,26,1583,0,"Move down","Move artifact down in child sequence",0,0,0,,0,,0,0,0,1,,,,,0,0.00,1,1,1,10/9/2006 21:01:36,0,10/9/2006 21:01:36,0,0,1,3,320
1141,37,9,1580,0,"Move up",,0,0,0,,0,,0,0,0,1,,,,"moveup24.gif",0,0.00,1,1,1,10/9/2006 21:02:13,0,10/9/2006 21:02:13,0,0,1,3,320
1142,37,10,1581,0,"Move down",,0,0,0,,0,,0,0,0,1,,,,"movedown24.gif",0,0.00,1,1,1,10/9/2006 21:02:29,0,10/9/2006 21:02:29,0,0,1,3,320
1143,69,0,0,0,"Short date format:","Display format for short dates without times",1590,1,0,,0,,0,0,0,1,,,,,0,0.00,1,1,1,10/10/2006 12:02:04,0,10/10/2006 12:02:04,0,0,1,3,320
1144,69,1,0,0,"Long date format:","Display format for long date and time",1589,1,0,,0,,0,0,0,1,,,,,0,0.00,1,1,1,10/10/2006 12:02:48,0,10/10/2006 12:02:48,0,0,1,3,320
1145,69,2,0,0,"Artifact long name:","Display artifact type (first character), artifact nbr and name for traceability",1596,34,0,,0,,0,0,0,1,,,,,0,0.00,1,1,1,10/10/2006 12:03:18,0,10/10/2006 12:03:18,0,0,1,3,320
1146,69,3,0,46,"Formatting",,0,0,0,,0,,0,0,0,1,,,,,0,0.00,1,1,1,10/10/2006 12:04:12,0,10/10/2006 12:04:12,0,0,1,3,320
1147,34,45,1587,0,"Options","System settings",0,0,0,,0,,0,0,0,1,,,,,0,0.00,1,1,1,10/10/2006 13:13:21,0,10/10/2006 13:13:21,0,0,1,3,320
1148,69,4,0,0,"LDAP Initial Context factory:","LDAP Initial Context Factory",1593,1,0,,0,,0,0,0,1,,,,,0,0.00,1,1,1,10/10/2006 14:00:50,0,10/10/2006 14:00:50,0,0,1,3,320
1149,69,5,0,0,"LDAP Provider URL:","LDAP Provider URL e.g. ldap://ldap:389",1594,1,0,,0,,0,0,0,1,,,,,0,0.00,1,1,1,10/10/2006 14:01:41,0,10/10/2006 14:01:41,0,0,1,3,320
1150,69,6,0,0,"LDAP Security Authentication:","LDAP Security Authentication e.g. com.sun.jndi.ldap.LdapCtxFactory",1595,1,0,,0,,0,0,0,1,,,,,0,0.00,1,1,1,10/10/2006 14:02:04,0,10/10/2006 14:02:04,0,0,1,3,320
1151,69,7,0,0,"OSRMT Authentication:","Database or LDAP e.g. simple",1592,1,0,,0,,0,0,0,1,,,,,0,0.00,1,1,1,10/10/2006 14:02:39,0,10/10/2006 14:02:39,0,0,1,3,320
1152,69,8,0,46,"Authentication",,0,0,0,,0,,0,0,0,1,,,,,0,0.00,1,1,1,10/10/2006 14:03:17,0,10/10/2006 14:03:17,0,0,1,3,320
1153,69,9,0,0,"Storage directory:","Storage directory e.g. schema",1591,1,0,,0,,0,0,0,1,,,,,0,0.00,1,1,1,10/10/2006 14:04:17,0,10/10/2006 14:04:17,0,0,1,3,320
1154,69,20,0,46,"Miscellaneous",,0,0,0,,0,,0,0,0,1,,,,,0,0.00,1,1,1,10/10/2006 14:06:31,0,10/10/2006 14:06:31,0,0,1,5,320
1155,31,8,0,0,"Select Script:","Script to retrieve the artifacts",1603,18,0,,0,,0,0,0,1,,,,,1,2.00,1,5,3,12/13/2006 14:21:38,0,12/13/2006 14:21:38,0,0,1,5,320
1156,31,9,0,0,"Sort Script:","Script to sort two artifacts.  References to m1 and m2",1604,18,0,,0,,0,0,0,1,,,,,1,0.00,1,5,3,12/13/2006 14:23:59,0,12/13/2006 14:24:03,0,0,1,5,320
1157,31,10,0,0,"Field Script:","Script to generate the xml per selected record",1605,18,0,,0,,0,0,0,1,,,,,1,1.00,1,5,3,12/13/2006 14:25:00,0,12/13/2006 14:25:04,0,0,1,5,320
1158,31,11,0,0,"Image Script:","Regular expression to qualify the file name for attached images",1606,1,0,,0,,0,0,0,1,,,,,0,0.00,1,5,1,12/13/2006 14:26:19,0,12/13/2006 14:26:20,0,0,1,5,320
1159,31,13,0,46,"XML report",,0,0,0,,0,,0,0,0,1,,,,,0,0.00,1,1,1,12/13/2006 14:39:34,0,12/13/2006 14:39:34,0,0,1,5,320
1160,31,6,0,0,"XML report:","Click this and fill out the XML report tab to generate an XML report",1602,34,0,,0,,0,0,0,1,,,,,0,0.00,1,1,1,12/13/2006 15:26:03,0,12/13/2006 15:26:03,0,0,1,5,320
1161,31,12,0,0,"XPath Query","XPath query e.g. /artifactlist/artifact",1607,1,0,,0,,0,0,0,1,,,,,0,0.00,1,5,1,12/13/2006 21:05:08,0,12/13/2006 21:05:08,0,0,1,5,320
1162,31,1,0,0,"Report Directory:","Directory the file is stored e.g. reports/ in such that directory+filename is a valid path to the report file",1608,1,0,,0,,0,0,0,1,,,,,0,0.00,1,5,1,12/14/2006 14:06:52,0,12/14/2006 14:06:52,0,0,1,5,320
1163,16,11,0,0,"Document","Document content for this feature",0,70,0,,0,,0,0,0,1,,,,,1,1.00,1,1,5,12/17/2006 23:42:34,0,12/17/2006 23:42:34,0,0,0,4,320
1164,16,12,0,46,"Document",,0,0,0,,0,,0,0,0,1,,,,,0,0.00,1,1,1,12/18/2006 0:40:53,0,12/18/2006 0:40:53,0,0,0,4,320
1165,57,1,1632,0,"Open product","Open an alternate product to trace to",0,0,0,,0,,0,0,0,1,,,,,0,0.00,1,1,1,12/19/2006 16:11:45,0,12/19/2006 16:11:45,0,0,1,4,320
1166,34,99,1636,0,"New Artifact","Create a new system wide artifact",0,0,0,,0,,0,0,0,1,,,,,0,0.00,1,1,1,2/26/2007 12:38:16,0,2/26/2007 12:38:16,0,0,1,5,320
1167,69,11,0,0,"Display immediate child artifacts in list","Display the immediate child artifacts only in the artifact list when selecting a parent artifact",1690,34,0,,0,,0,0,0,1,,,,,0,0.00,1,1,1,2/28/2007 16:44:44,0,2/28/2007 16:44:44,0,0,1,5,320
1168,69,12,0,0,"Username format ""<first> <last>""","Override username display format with firstname space last name",5333,34,0,,0,,0,0,0,1,,,,,0,0.00,1,1,1,3/6/2007 11:46:07,0,3/6/2007 11:46:07,0,0,1,5,320
1201,70,0,0,0,"User group:","User group defined under Admin->Reference",1000,76,0,,0,,0,0,0,1,,,,,0,0.00,1,1,1,3/6/2007 16:09:46,0,3/6/2007 16:09:46,0,0,1,5,320
1202,70,1,0,0,"Project:","Project to add to group",1003,75,0,,0,,0,0,0,1,,,,,0,0.00,1,1,1,3/6/2007 16:10:08,0,3/6/2007 16:10:08,0,0,1,5,320
1203,34,63,5338,0,"Projects","Administer user group access for projects",0,0,0,,0,,0,0,0,1,,,,,0,0.00,1,1,1,3/6/2007 16:26:18,0,3/6/2007 16:26:18,0,0,1,5,320
1204,71,0,5343,0,"User Group","User group with project access",5346,75,0,,0,,0,0,0,1,,,,,0,0.00,1,1,1,3/6/2007 16:45:21,0,3/6/2007 16:45:21,0,0,1,5,320
1205,71,1,5344,0,"Product","Product",5345,0,0,,0,,0,0,0,1,,,,,0,0.00,1,1,1,3/6/2007 16:46:31,0,3/6/2007 16:46:31,0,0,1,5,320
1206,69,13,0,40,"Product user group security","Restrict product access to user groups",5349,34,0,,0,,0,0,0,1,,,,,0,0.00,1,1,1,3/7/2007 12:45:06,0,3/7/2007 12:45:06,0,0,1,5,320
1207,31,14,0,0,"Date of last outline:","Date that the outline was last generated",5362,4,0,,0,,0,0,0,1,,,,,0,0.00,1,1,1,3/8/2007 9:42:24,0,3/8/2007 9:42:24,0,0,1,5,320
1208,31,15,0,0,"Outline sql:","SQL to determine which artifacts qualify to have an outline created",5361,18,0,,0,,0,0,0,1,,,,,1,1.00,1,5,3,3/8/2007 9:43:25,0,3/8/2007 9:43:25,0,0,1,5,320
1209,31,16,0,0,"Outline script:","Script executed to determine the outline based upon parameters list, artifact where list is List<Integer>",5360,18,0,,0,,0,0,0,1,,,,,1,1.00,1,5,3,3/8/2007 9:44:51,0,3/8/2007 9:44:51,0,0,1,5,320
1210,31,17,0,46,"Report Outline",,0,0,0,,0,,0,0,0,1,,,,,0,0.00,1,1,1,3/8/2007 9:45:33,0,3/8/2007 9:45:33,0,0,1,5,320
1211,1,0,5410,0,"Reason",,0,0,0,,0,,0,0,0,1,,,,,0,0.00,1,1,1,3/12/2007 15:16:47,0,3/12/2007 15:16:47,0,0,1,5,320
1212,34,100,5364,0,"New Field","Create a new field on the artifact form",0,0,0,,0,,0,0,0,1,,,,,0,0.00,1,1,1,3/12/2007 15:19:55,0,3/12/2007 15:19:55,0,0,1,5,320
1213,69,10,0,0,"Baseline Storage Dir:","Directory where basline artifacts attachments will have a copy of files placed",5553,1,0,,0,,0,0,0,1,,,,,0,0.00,1,1,1,3/14/2007 16:33:08,0,3/14/2007 16:33:08,0,0,1,5,320
1214,72,0,0,0,"Products:","products",5562,3,0,,0,,0,0,0,1,,,,,0,1.00,1,1,3,3/19/2007 10:25:15,0,3/19/2007 10:25:15,0,0,1,5,320
1215,31,2,0,0,"Report Parameter Form","View used to display the parameters for the report.",5561,81,0,,0,,0,0,0,1,,,,,0,0.00,1,5,1,3/19/2007 14:40:34,0,3/19/2007 14:40:34,0,0,1,5,320
4713886,18,13,0,46,"Document",,0,0,0,,0,,0,0,0,1,,,,,0,0.00,1,1,1,12/20/2006 2:17:25,0,12/20/2006 2:18:51,1,12,0,1,322
4746854,17,5,154,0,"Attachments:",,0,9765286,0,,0,,0,0,0,1,,,,,0,1.00,1,5,2,12/20/2006 1:52:05,0,12/20/2006 22:21:49,1,15,1,1,322
6904452,32,0,297,0,"Password",,0,0,0,,0,,0,0,0,1,,,,,0,0.00,1,1,1,12/20/2006 2:12:40,0,12/20/2006 2:12:55,1,2,0,1,322
10911385,18,12,0,0,"Document","Document content for this requirement",0,9374562,0,,0,,0,0,0,1,,,,,1,1.00,1,5,5,12/20/2006 2:14:56,0,12/20/2006 2:19:31,1,26,0,1,322
