0,0,0,0,,,,,,,,,,6/8/2006 15:28:30,0,6/8/2006 15:28:30,0,0,1,1,320
1,230,0,0,,,,,,,,,,6/8/2006 15:28:30,0,6/8/2006 15:28:30,0,0,1,1,320
2,229,0,0,,,,,,,,,,6/8/2006 15:28:30,0,6/8/2006 15:28:30,0,0,1,1,320
3,145,129,0,,,,,,,,,,6/8/2006 15:28:30,0,6/8/2006 15:28:30,0,0,1,1,320
4,145,130,0,,,,0,0,0,0,0,0,6/8/2006 15:28:30,0,6/8/2006 15:28:30,0,0,1,1,320
5,145,131,0,,,,,,,,,,6/8/2006 15:28:30,0,6/8/2006 15:28:30,0,0,1,1,320
6,145,132,0,,,,,,,,,,6/8/2006 15:28:30,0,6/8/2006 15:28:30,0,0,1,1,320
7,145,133,0,,,,,,,,,,6/8/2006 15:28:30,0,6/8/2006 15:28:30,0,0,1,1,320
8,972,0,0,,,,,,,,,,6/8/2006 15:28:30,0,6/8/2006 15:28:30,0,0,1,1,320
9,328,0,0,,,,,,,,,,6/8/2006 15:28:30,0,6/8/2006 15:28:30,0,0,1,1,320
10,368,0,0,,,,,,,,,,6/8/2006 15:28:30,0,6/8/2006 15:28:30,0,0,1,1,320
11,280,0,0,,,,,,,,,,6/8/2006 15:28:30,0,6/8/2006 15:28:30,0,0,1,1,320
12,245,0,0,,,,,,,,,,6/8/2006 15:28:30,0,6/8/2006 15:28:30,0,0,1,1,320
13,442,0,0,,,,,,,,,,6/8/2006 15:28:30,0,6/8/2006 15:28:30,0,0,1,1,320
14,305,0,0,,,,,,,,,,6/8/2006 15:28:30,0,6/8/2006 15:28:30,0,0,1,1,320
15,384,0,0,,,,,,,,,,6/8/2006 15:28:30,0,6/8/2006 15:28:30,0,0,1,1,320
16,134,129,0,,"",,0,0,0,0,0,0,6/8/2006 15:28:30,0,12/19/2006 20:48:12,1,7,1,1,322
17,134,130,0,,,,0,0,0,0,0,0,6/8/2006 15:28:30,0,6/8/2006 15:28:30,0,0,1,1,320
18,134,131,0,,,,,,,,,,6/8/2006 15:28:30,0,6/8/2006 15:28:30,0,0,1,1,320
19,134,132,0,,,,,,,,,,6/8/2006 15:28:30,0,6/8/2006 15:28:30,0,0,1,1,320
20,134,133,0,,,,,,,,,,6/8/2006 15:28:30,0,6/8/2006 15:28:30,0,0,1,1,320
21,911,0,0,,,,,,,,,,6/8/2006 15:28:30,0,6/8/2006 15:28:30,0,0,1,1,320
22,1010,0,0,,,,,,,,,,6/8/2006 15:28:30,0,6/8/2006 15:28:30,0,0,1,1,320
23,420,0,0,,,,,,,,,,6/8/2006 15:28:30,0,6/8/2006 15:28:30,0,0,1,1,320
24,906,130,0,,,,0,0,0,0,0,0,6/8/2006 15:28:30,0,6/8/2006 15:28:30,0,0,1,1,320
25,906,133,0,,,,,,,,,,6/8/2006 15:28:30,0,6/8/2006 15:28:30,0,0,1,1,320
26,906,132,0,,,,,,,,,,6/8/2006 15:28:30,0,6/8/2006 15:28:30,0,0,1,1,320
27,906,131,0,,,,,,,,,,6/8/2006 15:28:30,0,6/8/2006 15:28:30,0,0,1,1,320
28,906,129,0,,,,,,,,,,6/8/2006 15:28:30,0,6/8/2006 15:28:30,0,0,1,1,320
29,7,0,0,,,,,,,,,,6/8/2006 15:28:30,0,6/8/2006 15:28:30,0,0,1,1,320
30,348,0,0,,,,,,,,,,6/8/2006 15:28:30,0,6/8/2006 15:28:30,0,0,1,1,320
31,5,0,0,,,,,,,,,,6/8/2006 15:28:30,0,6/8/2006 15:28:30,0,0,1,1,320
32,304,0,0,,,,,,,,,,6/8/2006 15:28:30,0,6/8/2006 15:28:30,0,0,1,1,320
33,167,0,466,,,,,,,,,,6/8/2006 15:28:30,0,6/8/2006 15:28:30,0,0,1,1,320
34,167,0,0,,,,,,,,,,6/8/2006 15:28:30,0,6/8/2006 15:28:30,0,0,1,1,320
35,417,0,0,,,,,,,,,,6/8/2006 15:28:30,0,6/8/2006 15:28:30,0,0,1,1,320
36,282,0,0,,,,,,,,,,6/8/2006 15:28:30,0,6/8/2006 15:28:30,0,0,1,1,320
37,201,0,0,,,,,,,,,,6/8/2006 15:28:30,0,6/8/2006 15:28:30,0,0,1,1,320
38,1136,0,0,,,,,,,,,,6/9/2006 14:54:18,0,6/9/2006 14:54:18,0,0,1,1,320
39,1160,0,0,,,,,,,,,,6/11/2006 23:18:42,0,6/11/2006 23:18:42,0,0,1,1,320
42,1186,0,0,,,,,,,,,,6/19/2006 18:07:10,0,6/19/2006 18:07:10,0,0,1,1,320
43,1232,0,0,,,,0,0,0,0,0,0,8/24/2006 19:57:05,0,8/29/2006 14:54:40,0,4,1,1,322
44,1246,129,1247,,,,0,0,0,0,0,0,8/26/2006 8:24:42,0,8/29/2006 14:54:40,0,4,1,1,322
45,1357,129,0,,,,0,0,0,0,0,0,8/27/2006 19:00:27,0,8/29/2006 14:54:40,0,3,1,1,322
46,1357,131,0,,,,0,0,0,0,0,0,8/28/2006 8:07:20,0,8/29/2006 14:54:40,0,2,1,1,322
47,1246,131,1247,,,,0,0,0,0,0,0,8/28/2006 8:07:32,0,8/29/2006 14:54:40,0,2,1,1,322
48,1357,130,0,,,,0,0,0,0,0,0,8/28/2006 8:07:44,0,8/28/2006 8:07:44,0,0,1,2,320
49,1246,130,1247,,,,0,0,0,0,0,0,8/28/2006 8:07:58,0,8/28/2006 8:07:58,0,0,1,2,320
50,1357,132,0,,,,0,0,0,0,0,0,8/28/2006 8:08:13,0,8/29/2006 14:54:41,0,2,1,1,322
51,1246,132,1247,,,,0,0,0,0,0,0,8/28/2006 8:08:29,0,8/29/2006 14:54:41,0,2,1,1,322
52,1357,133,0,,,,0,0,0,0,0,0,8/28/2006 8:13:54,0,8/29/2006 14:54:41,0,2,1,1,322
53,1246,133,1247,,,,0,0,0,0,0,0,8/28/2006 8:14:08,0,8/29/2006 14:54:41,0,2,1,1,322
54,1432,0,1458,,"importPackage(Packages.com.osframework.appclient.services);
importPackage(Packages.com.osframework.modellibrary.reference.common);
importPackage(Packages.com.osframework.modellibrary.reference.security);
importPackage(Packages.com.osrmt.modellibrary.reference.group);
importPackage(Packages.com.osrmt.modellibrary.issue);
importPackage(Packages.com.osrmt.appclient.services);

issues = IssueServices.getIssuesBySubmitUser(user.getUserId(), IssueTypeGroup.get(IssueTypeGroup.CHANGECONTROL));

issues;",,0,0,0,0,0,0,9/21/2006 18:11:11,0,10/9/2006 19:34:14,1,1,1,1,322
55,1433,0,0,,,,0,0,0,0,0,0,9/21/2006 18:13:25,0,9/21/2006 18:13:25,0,0,1,3,320
56,1436,0,0,,,,0,0,0,0,0,0,9/21/2006 18:13:30,0,9/21/2006 18:13:30,0,0,1,3,320
57,1438,0,0,,,,0,0,0,0,0,0,9/21/2006 18:13:34,0,9/21/2006 18:13:34,0,0,1,3,320
58,1435,0,0,,,,0,0,0,0,0,0,9/21/2006 18:17:21,0,9/21/2006 18:17:21,0,0,1,3,320
59,1437,0,0,,,,0,0,0,0,0,0,9/21/2006 18:17:24,0,9/21/2006 18:17:24,0,0,1,3,320
60,1432,0,1459,,"importPackage(Packages.com.osframework.appclient.services);
importPackage(Packages.com.osframework.modellibrary.reference.common);
importPackage(Packages.com.osframework.modellibrary.reference.security);
importPackage(Packages.com.osrmt.modellibrary.reference.group);
importPackage(Packages.com.osrmt.modellibrary.issue);
importPackage(Packages.com.osrmt.appclient.services);


criteria = new IssueCriteria();
criteria.setStatusRefId(ReferenceServices.getDisplay(ReferenceGroup.IssueStatus, ""NEW"").getRe",,0,0,0,0,0,0,9/21/2006 21:23:50,0,9/21/2006 21:23:50,0,0,1,3,322
61,1462,0,0,,,,0,0,0,0,0,0,9/22/2006 8:30:17,0,9/22/2006 8:30:17,0,0,1,3,320
62,1434,0,0,,,,0,0,0,0,0,0,9/23/2006 13:50:19,0,3/5/2007 13:36:37,0,0,1,5,320
63,1521,0,0,,,,0,0,0,0,0,0,10/1/2006 15:57:56,0,10/1/2006 15:57:56,0,0,1,3,320
64,1432,0,1554,,"importPackage(Packages.com.osframework.appclient.services);
importPackage(Packages.com.osframework.modellibrary.reference.common);
importPackage(Packages.com.osframework.modellibrary.reference.security);
importPackage(Packages.com.osrmt.modellibrary.reference.group);
importPackage(Packages.com.osrmt.modellibrary.issue);
importPackage(Packages.com.osrmt.appclient.services);


issues = IssueServices.getIssuesByAssignedGroup(user.getUserId(), IssueTypeGroup.get(IssueTypeGroup.CHANGECONTROL));

issues;",,0,0,0,0,0,0,10/8/2006 18:15:50,0,10/8/2006 18:15:50,0,0,1,3,322
65,1563,0,0,,,,0,0,0,0,0,1,10/9/2006 11:06:48,0,10/9/2006 11:06:48,0,0,1,3,320
66,1569,0,0,,,,0,0,0,0,0,0,10/9/2006 12:32:21,0,10/9/2006 12:32:21,0,0,1,3,320
67,1574,0,0,,,,0,0,0,0,0,0,10/9/2006 19:14:24,0,10/9/2006 19:14:24,0,0,1,3,320
68,1432,0,9368132,,"importPackage(Packages.com.osframework.appclient.services);
importPackage(Packages.com.osframework.modellibrary.reference.common);
importPackage(Packages.com.osframework.modellibrary.reference.security);
importPackage(Packages.com.osrmt.modellibrary.reference.group);
importPackage(Packages.com.osrmt.modellibrary.issue);
importPackage(Packages.com.osrmt.appclient.services);


criteria = new IssueCriteria();

issues = IssueServices.getIssues(criteria, IssueTypeGroup.get(IssueTypeGroup.CHANGECONTROL));

issues;",,0,0,0,0,0,0,10/9/2006 17:47:00,0,10/9/2006 17:47:00,1,1,1,1,321
69,1586,0,0,,,,0,0,0,0,0,0,10/10/2006 11:59:16,0,10/10/2006 11:59:16,0,0,1,3,320
70,5335,0,0,,,,0,0,0,0,0,1,3/6/2007 16:09:08,0,3/6/2007 16:09:08,0,0,1,5,320
71,5340,0,0,,,,0,0,0,0,0,0,3/6/2007 16:35:05,0,3/6/2007 16:35:05,0,0,1,5,320
72,5558,0,5559,,,,0,0,0,0,0,0,3/19/2007 10:23:37,0,3/19/2007 10:23:37,0,0,1,5,320
